time	Min
5.207612E-04	0.000000E+00
7.317259E-04	0.000000E+00
9.426906E-04	0.000000E+00
1.153655E-03	0.000000E+00
1.364620E-03	0.000000E+00
1.575585E-03	0.000000E+00
1.786550E-03	0.000000E+00
1.997514E-03	0.000000E+00
2.208479E-03	0.000000E+00
2.419444E-03	0.000000E+00
2.630408E-03	0.000000E+00
2.841373E-03	0.000000E+00
3.052338E-03	0.000000E+00
3.263303E-03	0.000000E+00
3.474267E-03	0.000000E+00
3.685232E-03	0.000000E+00
3.896197E-03	0.000000E+00
4.107161E-03	0.000000E+00
4.318126E-03	0.000000E+00
4.529091E-03	0.000000E+00
4.740056E-03	0.000000E+00
4.951020E-03	0.000000E+00
5.161985E-03	0.000000E+00
5.372950E-03	0.000000E+00
5.583914E-03	0.000000E+00
5.794879E-03	0.000000E+00
6.005844E-03	0.000000E+00
6.216809E-03	0.000000E+00
6.427773E-03	0.000000E+00
6.638738E-03	0.000000E+00
6.849703E-03	0.000000E+00
7.060667E-03	0.000000E+00
7.271632E-03	0.000000E+00
7.482597E-03	0.000000E+00
7.693562E-03	-2.269147E-01
7.904526E-03	-2.032903E-01
8.115491E-03	-1.674148E-01
8.326456E-03	-1.197392E-01
8.537420E-03	-6.100341E-02
8.748385E-03	7.803215E-03
8.959350E-03	8.548381E-02
9.170315E-03	1.706783E-01
9.381279E-03	2.619080E-01
9.592244E-03	3.576192E-01
9.803209E-03	4.562253E-01
1.001417E-02	5.561463E-01
1.022514E-02	6.558444E-01
1.043610E-02	7.538563E-01
1.064707E-02	8.488206E-01
1.085803E-02	9.395015E-01
1.106900E-02	1.024807E+00
1.127996E-02	1.103802E+00
1.149093E-02	1.175718E+00
1.170189E-02	1.239959E+00
1.191286E-02	1.296099E+00
1.212382E-02	1.343884E+00
1.233479E-02	1.383217E+00
1.254575E-02	1.414159E+00
1.275671E-02	1.436907E+00
1.296768E-02	1.451785E+00
1.317864E-02	1.459229E+00
1.338961E-02	1.459763E+00
1.360057E-02	1.453991E+00
1.381154E-02	1.442570E+00
1.402250E-02	1.426198E+00
1.423347E-02	1.405591E+00
1.444443E-02	1.381472E+00
1.465540E-02	1.354552E+00
1.486636E-02	1.325514E+00
1.507733E-02	1.295005E+00
1.528829E-02	1.263620E+00
1.549926E-02	1.231896E+00
1.571022E-02	1.200304E+00
1.592119E-02	1.169241E+00
1.613215E-02	1.139031E+00
1.634312E-02	1.109920E+00
1.655408E-02	1.082077E+00
1.676504E-02	1.055597E+00
1.697601E-02	1.030503E+00
1.718697E-02	1.006752E+00
1.739794E-02	9.842410E-01
1.760890E-02	9.628136E-01
1.781987E-02	9.422685E-01
1.803083E-02	9.223686E-01
1.824180E-02	9.028493E-01
1.845276E-02	8.834286E-01
1.866373E-02	8.638161E-01
1.887469E-02	8.437223E-01
1.908566E-02	8.228676E-01
1.929662E-02	8.009902E-01
1.950759E-02	7.778541E-01
1.971855E-02	7.532559E-01
1.992952E-02	7.270303E-01
2.014048E-02	6.990552E-01
2.035144E-02	6.692555E-01
2.056241E-02	6.376052E-01
2.077337E-02	6.041295E-01
2.098434E-02	5.689041E-01
2.119530E-02	5.320550E-01
2.140627E-02	4.937559E-01
2.161723E-02	4.542254E-01
2.182820E-02	4.137225E-01
2.203916E-02	3.725419E-01
2.225013E-02	3.310080E-01
2.246109E-02	2.894686E-01
2.267206E-02	2.482879E-01
2.288302E-02	2.078393E-01
2.309399E-02	1.684977E-01
2.330495E-02	1.306321E-01
2.351592E-02	9.459826E-02
2.372688E-02	6.073120E-02
2.393784E-02	2.933855E-02
2.414881E-02	6.942297E-04
2.435977E-02	-2.496720E-02
2.457074E-02	-4.745541E-02
2.478170E-02	-6.662831E-02
2.499267E-02	-8.239509E-02
2.520363E-02	-9.471828E-02
2.541460E-02	-1.036147E-01
2.562556E-02	-1.091554E-01
2.583653E-02	-1.114645E-01
2.604749E-02	-1.107166E-01
2.625846E-02	-1.071340E-01
2.646942E-02	-1.009819E-01
2.668039E-02	-9.256357E-02
2.689135E-02	-8.221422E-02
2.710232E-02	-7.029424E-02
2.731328E-02	-5.718204E-02
2.752425E-02	-4.326637E-02
2.773521E-02	-2.893842E-02
2.794617E-02	-1.458376E-02
2.815714E-02	-5.743709E-04
2.836810E-02	1.273903E-02
2.857907E-02	2.503432E-02
2.879003E-02	3.602467E-02
2.900100E-02	4.546467E-02
2.921196E-02	5.315524E-02
2.942293E-02	5.894798E-02
2.963389E-02	6.274795E-02
2.984486E-02	6.451563E-02
3.005582E-02	6.426716E-02
3.026679E-02	6.207380E-02
3.047775E-02	5.805944E-02
3.068872E-02	5.239720E-02
3.089968E-02	4.530462E-02
3.111065E-02	3.703763E-02
3.132161E-02	2.788328E-02
3.153257E-02	1.815192E-02
3.174354E-02	8.168122E-03
3.195450E-02	-1.738708E-03
3.216547E-02	-1.124399E-02
3.237643E-02	-2.003811E-02
3.258740E-02	-2.783593E-02
3.279836E-02	-3.438618E-02
3.300933E-02	-3.947990E-02
3.322029E-02	-4.295818E-02
3.343126E-02	-4.471825E-02
3.364222E-02	-4.471800E-02
3.385319E-02	-4.297920E-02
3.406415E-02	-3.958801E-02
3.427512E-02	-3.469407E-02
3.448608E-02	-2.850634E-02
3.469705E-02	-2.128787E-02
3.490801E-02	-1.334699E-02
3.511897E-02	-5.027383E-03
3.532994E-02	3.304832E-03
3.554090E-02	1.127507E-02
3.575187E-02	1.851560E-02
3.596283E-02	2.468270E-02
3.617380E-02	2.947294E-02
3.638476E-02	3.263933E-02
3.659573E-02	3.400773E-02
3.680669E-02	3.348979E-02
3.701766E-02	3.109345E-02
3.722862E-02	2.693043E-02
3.743959E-02	2.121866E-02
3.765055E-02	1.427947E-02
3.786152E-02	6.528388E-03
3.807248E-02	-1.540197E-03
3.828345E-02	-9.377702E-03
3.849441E-02	-1.640924E-02
3.870538E-02	-2.207315E-02
3.891634E-02	-2.586279E-02
3.912730E-02	-2.737536E-02
3.933827E-02	-2.636171E-02
3.954923E-02	-2.277562E-02
3.976020E-02	-1.681795E-02
3.997116E-02	-8.968595E-03
4.018213E-02	7.650370E-07
4.039309E-02	9.039863E-03
4.060406E-02	1.687817E-02
4.081502E-02	2.213156E-02
4.102599E-02	2.348756E-02
4.123695E-02	1.997840E-02
4.144792E-02	1.137420E-02
4.165888E-02	-1.276316E-03
4.186985E-02	-1.492620E-02
4.208081E-02	-2.358398E-02
4.229178E-02	-1.710656E-02
4.250274E-02	2.033651E-02
