time	rfrp
5.165953E-04	0.000000E+00
8.507149E-04	0.000000E+00
1.184834E-03	0.000000E+00
1.518954E-03	0.000000E+00
1.853074E-03	0.000000E+00
2.187193E-03	0.000000E+00
2.521313E-03	0.000000E+00
2.855432E-03	0.000000E+00
3.189552E-03	0.000000E+00
3.523671E-03	0.000000E+00
3.857791E-03	0.000000E+00
4.191911E-03	0.000000E+00
4.526030E-03	0.000000E+00
4.860150E-03	0.000000E+00
5.194269E-03	0.000000E+00
5.528389E-03	0.000000E+00
5.862508E-03	0.000000E+00
6.196628E-03	0.000000E+00
6.530748E-03	0.000000E+00
6.864867E-03	0.000000E+00
7.198987E-03	0.000000E+00
7.533106E-03	0.000000E+00
7.867226E-03	0.000000E+00
8.201345E-03	0.000000E+00
8.535465E-03	0.000000E+00
8.869585E-03	0.000000E+00
9.203704E-03	0.000000E+00
9.537824E-03	0.000000E+00
9.871943E-03	0.000000E+00
1.020606E-02	0.000000E+00
1.054018E-02	0.000000E+00
1.087430E-02	0.000000E+00
1.120842E-02	0.000000E+00
1.154254E-02	0.000000E+00
1.187666E-02	0.000000E+00
1.221078E-02	-3.263055E-01
1.254490E-02	-2.184498E-01
1.287902E-02	-8.842867E-02
1.321314E-02	6.083190E-02
1.354726E-02	2.259610E-01
1.388138E-02	4.032663E-01
1.421550E-02	5.888571E-01
1.454962E-02	7.787622E-01
1.488374E-02	9.690412E-01
1.521786E-02	1.155885E+00
1.555198E-02	1.335709E+00
1.588610E-02	1.505224E+00
1.622022E-02	1.661508E+00
1.655433E-02	1.802053E+00
1.688845E-02	1.924799E+00
1.722257E-02	2.028161E+00
1.755669E-02	2.111036E+00
1.789081E-02	2.172802E+00
1.822493E-02	2.213304E+00
1.855905E-02	2.232830E+00
1.889317E-02	2.232079E+00
1.922729E-02	2.212120E+00
1.956141E-02	2.174350E+00
1.989553E-02	2.120441E+00
2.022965E-02	2.052290E+00
2.056377E-02	1.971961E+00
2.089789E-02	1.881634E+00
2.123201E-02	1.783551E+00
2.156613E-02	1.679959E+00
2.190025E-02	1.573071E+00
2.223437E-02	1.465012E+00
2.256849E-02	1.357784E+00
2.290261E-02	1.253229E+00
2.323673E-02	1.153003E+00
2.357085E-02	1.058546E+00
2.390497E-02	9.710712E-01
2.423908E-02	8.915506E-01
2.457320E-02	8.207096E-01
2.490732E-02	7.590281E-01
2.524144E-02	7.067463E-01
2.557556E-02	6.638751E-01
2.590968E-02	6.302120E-01
2.624380E-02	6.053604E-01
2.657792E-02	5.887519E-01
2.691204E-02	5.796724E-01
2.724616E-02	5.772890E-01
2.758028E-02	5.806793E-01
2.791440E-02	5.888606E-01
2.824852E-02	6.008197E-01
2.858264E-02	6.155415E-01
2.891676E-02	6.320370E-01
2.925088E-02	6.493688E-01
2.958500E-02	6.666749E-01
2.991912E-02	6.831894E-01
3.025324E-02	6.982602E-01
3.058736E-02	7.113633E-01
3.092148E-02	7.221133E-01
3.125560E-02	7.302704E-01
3.158972E-02	7.357432E-01
3.192384E-02	7.385880E-01
3.225795E-02	7.390042E-01
3.259207E-02	7.373258E-01
3.292619E-02	7.340100E-01
3.326031E-02	7.296228E-01
3.359443E-02	7.248213E-01
3.392855E-02	7.203340E-01
3.426267E-02	7.169396E-01
3.459679E-02	7.154442E-01
3.493091E-02	7.166568E-01
3.526503E-02	7.213663E-01
3.559915E-02	7.303166E-01
3.593327E-02	7.441840E-01
3.626739E-02	7.635550E-01
3.660151E-02	7.889061E-01
3.693563E-02	8.205860E-01
3.726975E-02	8.587995E-01
3.760387E-02	9.035958E-01
3.793799E-02	9.548588E-01
3.827211E-02	1.012302E+00
3.860623E-02	1.075466E+00
3.894035E-02	1.143720E+00
3.927447E-02	1.216271E+00
3.960859E-02	1.292169E+00
3.994270E-02	1.370324E+00
4.027682E-02	1.449521E+00
4.061094E-02	1.528443E+00
4.094506E-02	1.605691E+00
4.127918E-02	1.679813E+00
4.161330E-02	1.749333E+00
4.194742E-02	1.812777E+00
4.228154E-02	1.868706E+00
4.261566E-02	1.915748E+00
4.294978E-02	1.952629E+00
4.328390E-02	1.978200E+00
4.361802E-02	1.991470E+00
4.395214E-02	1.991630E+00
4.428626E-02	1.978075E+00
4.462038E-02	1.950429E+00
4.495450E-02	1.908554E+00
4.528862E-02	1.852569E+00
4.562274E-02	1.782850E+00
4.595686E-02	1.700037E+00
4.629098E-02	1.605024E+00
4.662510E-02	1.498955E+00
4.695922E-02	1.383202E+00
4.729334E-02	1.259348E+00
4.762745E-02	1.129160E+00
4.796157E-02	9.945540E-01
4.829569E-02	8.575608E-01
4.862981E-02	7.202848E-01
4.896393E-02	5.848601E-01
4.929805E-02	4.534038E-01
4.963217E-02	3.279680E-01
4.996629E-02	2.104919E-01
5.030041E-02	1.027544E-01
5.063453E-02	6.327274E-03
5.096865E-02	-7.746630E-02
5.130277E-02	-1.475902E-01
5.163689E-02	-2.033282E-01
5.197101E-02	-2.443091E-01
5.230513E-02	-2.705245E-01
5.263925E-02	-2.823374E-01
5.297337E-02	-2.804816E-01
5.330749E-02	-2.660484E-01
5.364161E-02	-2.404660E-01
5.397573E-02	-2.054636E-01
5.430985E-02	-1.630275E-01
5.464397E-02	-1.153456E-01
5.497809E-02	-6.474285E-02
5.531221E-02	-1.360556E-02
5.564632E-02	3.569724E-02
5.598044E-02	8.089932E-02
5.631456E-02	1.199260E-01
5.664868E-02	1.509804E-01
5.698280E-02	1.726251E-01
5.731692E-02	1.838620E-01
5.765104E-02	1.841920E-01
5.798516E-02	1.736653E-01
5.831928E-02	1.529101E-01
5.865340E-02	1.231387E-01
5.898752E-02	8.612471E-02
5.932164E-02	4.414700E-02
5.965576E-02	-9.317601E-05
5.998988E-02	-4.359857E-02
6.032400E-02	-8.323045E-02
6.065812E-02	-1.159023E-01
6.099224E-02	-1.387982E-01
6.132636E-02	-1.496167E-01
6.166048E-02	-1.468275E-01
6.199460E-02	-1.299197E-01
6.232872E-02	-9.963559E-02
6.266284E-02	-5.814344E-02
6.299696E-02	-9.138763E-03
6.333107E-02	4.218604E-02
6.366519E-02	8.934613E-02
6.399931E-02	1.250069E-01
6.433343E-02	1.417441E-01
6.466755E-02	1.332044E-01
6.500167E-02	9.577974E-02
6.533579E-02	3.091795E-02
6.566991E-02	-5.178100E-02
6.600403E-02	-1.305162E-01
6.633815E-02	-1.660854E-01
6.667227E-02	-9.530019E-02
6.700639E-02	1.772386E-01
