time	Min
5.207572E-04	0.000000E+00
7.543279E-04	0.000000E+00
9.878985E-04	0.000000E+00
1.221469E-03	0.000000E+00
1.455040E-03	0.000000E+00
1.688611E-03	0.000000E+00
1.922181E-03	0.000000E+00
2.155752E-03	0.000000E+00
2.389323E-03	0.000000E+00
2.622893E-03	0.000000E+00
2.856464E-03	0.000000E+00
3.090035E-03	0.000000E+00
3.323605E-03	0.000000E+00
3.557176E-03	0.000000E+00
3.790747E-03	0.000000E+00
4.024317E-03	0.000000E+00
4.257888E-03	0.000000E+00
4.491459E-03	0.000000E+00
4.725029E-03	0.000000E+00
4.958600E-03	0.000000E+00
5.192171E-03	0.000000E+00
5.425741E-03	0.000000E+00
5.659312E-03	0.000000E+00
5.892883E-03	0.000000E+00
6.126453E-03	0.000000E+00
6.360024E-03	0.000000E+00
6.593595E-03	0.000000E+00
6.827165E-03	0.000000E+00
7.060736E-03	0.000000E+00
7.294307E-03	0.000000E+00
7.527877E-03	0.000000E+00
7.761448E-03	0.000000E+00
7.995019E-03	0.000000E+00
8.228589E-03	0.000000E+00
8.462160E-03	-4.113047E-01
8.695731E-03	-2.765331E-01
8.929301E-03	-1.060389E-01
9.162872E-03	9.801702E-02
9.396443E-03	3.326293E-01
9.630013E-03	5.940571E-01
9.863584E-03	8.779444E-01
1.009715E-02	1.179447E+00
1.033073E-02	1.493363E+00
1.056430E-02	1.814266E+00
1.079787E-02	2.136634E+00
1.103144E-02	2.454970E+00
1.126501E-02	2.763923E+00
1.149858E-02	3.058393E+00
1.173215E-02	3.333627E+00
1.196572E-02	3.585305E+00
1.219929E-02	3.809608E+00
1.243286E-02	4.003281E+00
1.266643E-02	4.163674E+00
1.290000E-02	4.288772E+00
1.313357E-02	4.377214E+00
1.336714E-02	4.428298E+00
1.360071E-02	4.441972E+00
1.383429E-02	4.418813E+00
1.406786E-02	4.360002E+00
1.430143E-02	4.267281E+00
1.453500E-02	4.142907E+00
1.476857E-02	3.989601E+00
1.500214E-02	3.810482E+00
1.523571E-02	3.609010E+00
1.546928E-02	3.388915E+00
1.570285E-02	3.154128E+00
1.593642E-02	2.908712E+00
1.616999E-02	2.656795E+00
1.640356E-02	2.402498E+00
1.663713E-02	2.149874E+00
1.687070E-02	1.902844E+00
1.710427E-02	1.665141E+00
1.733785E-02	1.440255E+00
1.757142E-02	1.231392E+00
1.780499E-02	1.041424E+00
1.803856E-02	8.728635E-01
1.827213E-02	7.278298E-01
1.850570E-02	6.080305E-01
1.873927E-02	5.147463E-01
1.897284E-02	4.488239E-01
1.920641E-02	4.106753E-01
1.943998E-02	4.002832E-01
1.967355E-02	4.172132E-01
1.990712E-02	4.606307E-01
2.014069E-02	5.293243E-01
2.037426E-02	6.217329E-01
2.060783E-02	7.359779E-01
2.084141E-02	8.698981E-01
2.107498E-02	1.021089E+00
2.130855E-02	1.186942E+00
2.154212E-02	1.364691E+00
2.177569E-02	1.551449E+00
2.200926E-02	1.744259E+00
2.224283E-02	1.940135E+00
2.247640E-02	2.136106E+00
2.270997E-02	2.329256E+00
2.294354E-02	2.516766E+00
2.317711E-02	2.695949E+00
2.341068E-02	2.864289E+00
2.364425E-02	3.019466E+00
2.387782E-02	3.159389E+00
2.411139E-02	3.282218E+00
2.434497E-02	3.386383E+00
2.457854E-02	3.470600E+00
2.481211E-02	3.533883E+00
2.504568E-02	3.575546E+00
2.527925E-02	3.595212E+00
2.551282E-02	3.592805E+00
2.574639E-02	3.568546E+00
2.597996E-02	3.522942E+00
2.621353E-02	3.456772E+00
2.644710E-02	3.371067E+00
2.668067E-02	3.267092E+00
2.691424E-02	3.146319E+00
2.714781E-02	3.010404E+00
2.738138E-02	2.861154E+00
2.761495E-02	2.700504E+00
2.784853E-02	2.530478E+00
2.808210E-02	2.353163E+00
2.831567E-02	2.170675E+00
2.854924E-02	1.985128E+00
2.878281E-02	1.798603E+00
2.901638E-02	1.613121E+00
2.924995E-02	1.430610E+00
2.948352E-02	1.252883E+00
2.971709E-02	1.081615E+00
2.995066E-02	9.183208E-01
3.018423E-02	7.643360E-01
3.041780E-02	6.208055E-01
3.065137E-02	4.886700E-01
3.088494E-02	3.686595E-01
3.111851E-02	2.612890E-01
3.135209E-02	1.668577E-01
3.158566E-02	8.545265E-02
3.181923E-02	1.695516E-02
3.205280E-02	-3.894937E-02
3.228637E-02	-8.275809E-02
3.251994E-02	-1.151350E-01
3.275351E-02	-1.368923E-01
3.298708E-02	-1.489694E-01
3.322065E-02	-1.524110E-01
3.345422E-02	-1.483422E-01
3.368779E-02	-1.379441E-01
3.392136E-02	-1.224280E-01
3.415493E-02	-1.030097E-01
3.438850E-02	-8.088508E-02
3.462207E-02	-5.720492E-02
3.485565E-02	-3.305305E-02
3.508922E-02	-9.425004E-03
3.532279E-02	1.279045E-02
3.555636E-02	3.282704E-02
3.578993E-02	5.005383E-02
3.602350E-02	6.398458E-02
3.625707E-02	7.428407E-02
3.649064E-02	8.076926E-02
3.672421E-02	8.340826E-02
3.695778E-02	8.231452E-02
3.719135E-02	7.773730E-02
3.742492E-02	7.004823E-02
3.765849E-02	5.972581E-02
3.789206E-02	4.733449E-02
3.812563E-02	3.350382E-02
3.835921E-02	1.890367E-02
3.859278E-02	4.217811E-03
3.882635E-02	-9.880564E-03
3.905992E-02	-2.275730E-02
3.929349E-02	-3.384205E-02
3.952706E-02	-4.265230E-02
3.976063E-02	-4.881477E-02
3.999420E-02	-5.208408E-02
4.022777E-02	-5.235559E-02
4.046134E-02	-4.967413E-02
4.069491E-02	-4.423729E-02
4.092848E-02	-3.639102E-02
4.116205E-02	-2.661871E-02
4.139562E-02	-1.552297E-02
4.162919E-02	-3.800366E-03
4.186277E-02	7.792133E-03
4.209634E-02	1.847706E-02
4.232991E-02	2.750018E-02
4.256348E-02	3.418221E-02
4.279705E-02	3.797125E-02
4.303062E-02	3.849421E-02
4.326419E-02	3.560595E-02
4.349776E-02	2.943421E-02
4.373133E-02	2.040989E-02
4.396490E-02	9.279421E-03
4.419847E-02	-2.898359E-03
4.443204E-02	-1.479869E-02
4.466561E-02	-2.490413E-02
4.489918E-02	-3.163416E-02
4.513275E-02	-3.353405E-02
4.536633E-02	-2.953226E-02
4.559990E-02	-1.929019E-02
4.583347E-02	-3.646829E-03
4.606704E-02	1.481368E-02
4.630061E-02	3.105851E-02
4.653418E-02	3.674581E-02
4.676775E-02	1.918586E-02
4.700132E-02	-3.990187E-02
