time	rfrp
5.207572E-04	0.000000E+00
7.543279E-04	0.000000E+00
9.878985E-04	0.000000E+00
1.221469E-03	0.000000E+00
1.455040E-03	0.000000E+00
1.688611E-03	0.000000E+00
1.922181E-03	0.000000E+00
2.155752E-03	0.000000E+00
2.389323E-03	0.000000E+00
2.622893E-03	0.000000E+00
2.856464E-03	0.000000E+00
3.090035E-03	0.000000E+00
3.323605E-03	0.000000E+00
3.557176E-03	0.000000E+00
3.790747E-03	0.000000E+00
4.024317E-03	0.000000E+00
4.257888E-03	0.000000E+00
4.491459E-03	0.000000E+00
4.725029E-03	0.000000E+00
4.958600E-03	0.000000E+00
5.192171E-03	0.000000E+00
5.425741E-03	0.000000E+00
5.659312E-03	0.000000E+00
5.892883E-03	0.000000E+00
6.126453E-03	0.000000E+00
6.360024E-03	0.000000E+00
6.593595E-03	0.000000E+00
6.827165E-03	0.000000E+00
7.060736E-03	0.000000E+00
7.294307E-03	0.000000E+00
7.527877E-03	0.000000E+00
7.761448E-03	0.000000E+00
7.995019E-03	0.000000E+00
8.228589E-03	0.000000E+00
8.462160E-03	-1.669123E-01
8.695731E-03	-9.220734E-02
8.929301E-03	-1.269056E-03
9.162872E-03	1.046795E-01
9.396443E-03	2.240486E-01
9.630013E-03	3.549329E-01
9.863584E-03	4.951682E-01
1.009715E-02	6.423891E-01
1.033073E-02	7.940898E-01
1.056430E-02	9.476834E-01
1.079787E-02	1.100560E+00
1.103144E-02	1.250144E+00
1.126501E-02	1.393942E+00
1.149858E-02	1.529597E+00
1.173215E-02	1.654927E+00
1.196572E-02	1.767960E+00
1.219929E-02	1.866973E+00
1.243286E-02	1.950511E+00
1.266643E-02	2.017407E+00
1.290000E-02	2.066798E+00
1.313357E-02	2.098131E+00
1.336714E-02	2.111162E+00
1.360071E-02	2.105953E+00
1.383429E-02	2.082866E+00
1.406786E-02	2.042542E+00
1.430143E-02	1.985889E+00
1.453500E-02	1.914058E+00
1.476857E-02	1.828417E+00
1.500214E-02	1.730524E+00
1.523571E-02	1.622096E+00
1.546928E-02	1.504980E+00
1.570285E-02	1.381120E+00
1.593642E-02	1.252524E+00
1.616999E-02	1.121232E+00
1.640356E-02	9.892814E-01
1.663713E-02	8.586829E-01
1.687070E-02	7.313849E-01
1.710427E-02	6.092488E-01
1.733785E-02	4.940234E-01
1.757142E-02	3.873220E-01
1.780499E-02	2.906023E-01
1.803856E-02	2.051491E-01
1.827213E-02	1.320599E-01
1.850570E-02	7.223404E-02
1.873927E-02	2.636410E-02
1.897284E-02	-5.068576E-03
1.920641E-02	-2.179595E-02
1.943998E-02	-2.376210E-02
1.967355E-02	-1.111919E-02
1.990712E-02	1.577935E-02
2.014069E-02	5.638815E-02
2.037426E-02	1.099816E-01
2.060783E-02	1.756676E-01
2.084141E-02	2.524035E-01
2.107498E-02	3.390131E-01
2.130855E-02	4.342054E-01
2.154212E-02	5.365945E-01
2.177569E-02	6.447197E-01
2.200926E-02	7.570667E-01
2.224283E-02	8.720887E-01
2.247640E-02	9.882271E-01
2.270997E-02	1.103933E+00
2.294354E-02	1.217686E+00
2.317711E-02	1.328014E+00
2.341068E-02	1.433513E+00
2.364425E-02	1.532861E+00
2.387782E-02	1.624834E+00
2.411139E-02	1.708323E+00
2.434497E-02	1.782341E+00
2.457854E-02	1.846036E+00
2.481211E-02	1.898702E+00
2.504568E-02	1.939776E+00
2.527925E-02	1.968853E+00
2.551282E-02	1.985681E+00
2.574639E-02	1.990162E+00
2.597996E-02	1.982353E+00
2.621353E-02	1.962458E+00
2.644710E-02	1.930825E+00
2.668067E-02	1.887938E+00
2.691424E-02	1.834405E+00
2.714781E-02	1.770955E+00
2.738138E-02	1.698415E+00
2.761495E-02	1.617707E+00
2.784853E-02	1.529829E+00
2.808210E-02	1.435841E+00
2.831567E-02	1.336851E+00
2.854924E-02	1.233999E+00
2.878281E-02	1.128440E+00
2.901638E-02	1.021332E+00
2.924995E-02	9.138148E-01
2.948352E-02	8.070024E-01
2.971709E-02	7.019640E-01
2.995066E-02	5.997123E-01
3.018423E-02	5.011914E-01
3.041780E-02	4.072656E-01
3.065137E-02	3.187099E-01
3.088494E-02	2.362012E-01
3.111851E-02	1.603122E-01
3.135209E-02	9.150563E-02
3.158566E-02	3.013094E-02
3.181923E-02	-2.357757E-02
3.205280E-02	-6.950096E-02
3.228637E-02	-1.076342E-01
3.251994E-02	-1.380827E-01
3.275351E-02	-1.610584E-01
3.298708E-02	-1.768723E-01
3.322065E-02	-1.859281E-01
3.345422E-02	-1.887121E-01
3.368779E-02	-1.857839E-01
3.392136E-02	-1.777652E-01
3.415493E-02	-1.653273E-01
3.438850E-02	-1.491791E-01
3.462207E-02	-1.300539E-01
3.485565E-02	-1.086960E-01
3.508922E-02	-8.584764E-02
3.532279E-02	-6.223529E-02
3.555636E-02	-3.855746E-02
3.578993E-02	-1.547215E-02
3.602350E-02	6.414466E-03
3.625707E-02	2.655835E-02
3.649064E-02	4.448704E-02
3.672421E-02	5.980731E-02
3.695778E-02	7.221156E-02
3.719135E-02	8.148266E-02
3.742492E-02	8.749659E-02
3.765849E-02	9.022382E-02
3.789206E-02	8.972798E-02
3.812563E-02	8.616331E-02
3.835921E-02	7.976993E-02
3.859278E-02	7.086648E-02
3.882635E-02	5.984192E-02
3.905992E-02	4.714474E-02
3.929349E-02	3.327060E-02
3.952706E-02	1.874893E-02
3.976063E-02	4.127486E-03
3.999420E-02	-1.004354E-02
4.022777E-02	-2.322871E-02
4.046134E-02	-3.492438E-02
4.069491E-02	-4.467679E-02
4.092848E-02	-5.209837E-02
4.116205E-02	-5.688528E-02
4.139562E-02	-5.883175E-02
4.162919E-02	-5.784415E-02
4.186277E-02	-5.395152E-02
4.209634E-02	-4.731415E-02
4.232991E-02	-3.822833E-02
4.256348E-02	-2.712490E-02
4.279705E-02	-1.456636E-02
4.303062E-02	-1.233953E-03
4.326419E-02	1.209017E-02
4.349776E-02	2.454821E-02
4.373133E-02	3.524304E-02
4.396490E-02	4.328390E-02
4.419847E-02	4.784300E-02
4.443204E-02	4.822715E-02
4.466561E-02	4.396373E-02
4.489918E-02	3.490058E-02
4.513275E-02	2.133250E-02
4.536633E-02	4.140265E-03
4.559990E-02	-1.504146E-02
4.583347E-02	-3.362786E-02
4.606704E-02	-4.785900E-02
4.630061E-02	-5.253939E-02
4.653418E-02	-4.073863E-02
4.676775E-02	-3.443641E-03
4.700132E-02	7.083579E-02
