time	rfrp
5.207572E-04	0.000000E+00
7.543279E-04	0.000000E+00
9.878985E-04	0.000000E+00
1.221469E-03	0.000000E+00
1.455040E-03	0.000000E+00
1.688611E-03	0.000000E+00
1.922181E-03	0.000000E+00
2.155752E-03	0.000000E+00
2.389323E-03	0.000000E+00
2.622893E-03	0.000000E+00
2.856464E-03	0.000000E+00
3.090035E-03	0.000000E+00
3.323605E-03	0.000000E+00
3.557176E-03	0.000000E+00
3.790747E-03	0.000000E+00
4.024317E-03	0.000000E+00
4.257888E-03	0.000000E+00
4.491459E-03	0.000000E+00
4.725029E-03	0.000000E+00
4.958600E-03	0.000000E+00
5.192171E-03	0.000000E+00
5.425741E-03	0.000000E+00
5.659312E-03	0.000000E+00
5.892883E-03	0.000000E+00
6.126453E-03	0.000000E+00
6.360024E-03	0.000000E+00
6.593595E-03	0.000000E+00
6.827165E-03	0.000000E+00
7.060736E-03	0.000000E+00
7.294307E-03	0.000000E+00
7.527877E-03	0.000000E+00
7.761448E-03	0.000000E+00
7.995019E-03	0.000000E+00
8.228589E-03	0.000000E+00
8.462160E-03	3.088761E+00
8.695731E-03	3.446277E+00
8.929301E-03	3.796602E+00
9.162872E-03	4.136605E+00
9.396443E-03	4.463412E+00
9.630013E-03	4.774413E+00
9.863584E-03	5.067249E+00
1.009715E-02	5.339808E+00
1.033073E-02	5.590218E+00
1.056430E-02	5.816836E+00
1.079787E-02	6.018243E+00
1.103144E-02	6.193242E+00
1.126501E-02	6.340853E+00
1.149858E-02	6.460309E+00
1.173215E-02	6.551066E+00
1.196572E-02	6.612796E+00
1.219929E-02	6.645394E+00
1.243286E-02	6.648985E+00
1.266643E-02	6.623925E+00
1.290000E-02	6.570806E+00
1.313357E-02	6.490459E+00
1.336714E-02	6.383955E+00
1.360071E-02	6.252609E+00
1.383429E-02	6.097971E+00
1.406786E-02	5.921825E+00
1.430143E-02	5.726178E+00
1.453500E-02	5.513250E+00
1.476857E-02	5.285460E+00
1.500214E-02	5.045402E+00
1.523571E-02	4.795827E+00
1.546928E-02	4.539618E+00
1.570285E-02	4.279758E+00
1.593642E-02	4.019299E+00
1.616999E-02	3.761331E+00
1.640356E-02	3.508942E+00
1.663713E-02	3.265183E+00
1.687070E-02	3.033029E+00
1.710427E-02	2.815340E+00
1.733785E-02	2.614821E+00
1.757142E-02	2.433986E+00
1.780499E-02	2.275122E+00
1.803856E-02	2.140254E+00
1.827213E-02	2.031113E+00
1.850570E-02	1.949108E+00
1.873927E-02	1.895305E+00
1.897284E-02	1.870403E+00
1.920641E-02	1.874719E+00
1.943998E-02	1.908181E+00
1.967355E-02	1.970320E+00
1.990712E-02	2.060271E+00
2.014069E-02	2.176782E+00
2.037426E-02	2.318219E+00
2.060783E-02	2.482594E+00
2.084141E-02	2.667575E+00
2.107498E-02	2.870525E+00
2.130855E-02	3.088529E+00
2.154212E-02	3.318431E+00
2.177569E-02	3.556876E+00
2.200926E-02	3.800357E+00
2.224283E-02	4.045257E+00
2.247640E-02	4.287903E+00
2.270997E-02	4.524614E+00
2.294354E-02	4.751754E+00
2.317711E-02	4.965782E+00
2.341068E-02	5.163306E+00
2.364425E-02	5.341126E+00
2.387782E-02	5.496289E+00
2.411139E-02	5.626125E+00
2.434497E-02	5.728291E+00
2.457854E-02	5.800807E+00
2.481211E-02	5.842084E+00
2.504568E-02	5.850952E+00
2.527925E-02	5.826677E+00
2.551282E-02	5.768977E+00
2.574639E-02	5.678022E+00
2.597996E-02	5.554441E+00
2.621353E-02	5.399310E+00
2.644710E-02	5.214139E+00
2.668067E-02	5.000850E+00
2.691424E-02	4.761751E+00
2.714781E-02	4.499501E+00
2.738138E-02	4.217071E+00
2.761495E-02	3.917700E+00
2.784853E-02	3.604844E+00
2.808210E-02	3.282125E+00
2.831567E-02	2.953274E+00
2.854924E-02	2.622071E+00
2.878281E-02	2.292289E+00
2.901638E-02	1.967631E+00
2.924995E-02	1.651671E+00
2.948352E-02	1.347801E+00
2.971709E-02	1.059168E+00
2.995066E-02	7.886304E-01
3.018423E-02	5.387091E-01
3.041780E-02	3.115451E-01
3.065137E-02	1.088674E-01
3.088494E-02	-6.803571E-02
3.111851E-02	-2.183352E-01
3.135209E-02	-3.416727E-01
3.158566E-02	-4.381625E-01
3.181923E-02	-5.083852E-01
3.205280E-02	-5.533712E-01
3.228637E-02	-5.745763E-01
3.251994E-02	-5.738475E-01
3.275351E-02	-5.533808E-01
3.298708E-02	-5.156716E-01
3.322065E-02	-4.634568E-01
3.345422E-02	-3.996527E-01
3.368779E-02	-3.272861E-01
3.392136E-02	-2.494229E-01
3.415493E-02	-1.690945E-01
3.438850E-02	-8.922293E-02
3.462207E-02	-1.254734E-02
3.485565E-02	5.844629E-02
3.508922E-02	1.215913E-01
3.532279E-02	1.751002E-01
3.555636E-02	2.176157E-01
3.578993E-02	2.482521E-01
3.602350E-02	2.666256E-01
3.625707E-02	2.728701E-01
3.649064E-02	2.676406E-01
3.672421E-02	2.520996E-01
3.695778E-02	2.278883E-01
3.719135E-02	1.970818E-01
3.742492E-02	1.621263E-01
3.765849E-02	1.257626E-01
3.789206E-02	9.093319E-02
3.812563E-02	6.067755E-02
3.835921E-02	3.801462E-02
3.859278E-02	2.581882E-02
3.882635E-02	2.668839E-02
3.905992E-02	4.281504E-02
3.929349E-02	7.585655E-02
3.952706E-02	1.268148E-01
3.976063E-02	1.959309E-01
3.999420E-02	2.825974E-01
4.022777E-02	3.852997E-01
4.046134E-02	5.015820E-01
4.069491E-02	6.280587E-01
4.092848E-02	7.604665E-01
4.116205E-02	8.937616E-01
4.139562E-02	1.022275E+00
4.162919E-02	1.139921E+00
4.186277E-02	1.240460E+00
4.209634E-02	1.317818E+00
4.232991E-02	1.366457E+00
4.256348E-02	1.381785E+00
4.279705E-02	1.360593E+00
4.303062E-02	1.301511E+00
4.326419E-02	1.205435E+00
4.349776E-02	1.075919E+00
4.373133E-02	9.194673E-01
4.396490E-02	7.456948E-01
4.419847E-02	5.672649E-01
4.443204E-02	3.995575E-01
4.466561E-02	2.599447E-01
4.489918E-02	1.665776E-01
4.513275E-02	1.365390E-01
4.536633E-02	1.832165E-01
4.559990E-02	3.127019E-01
4.583347E-02	5.190093E-01
4.606704E-02	7.778644E-01
4.630061E-02	1.038771E+00
4.653418E-02	1.215060E+00
4.676775E-02	1.171507E+00
4.700132E-02	7.091402E-01
