time	Mid
5.207561E-04	0.000000E+00
7.593509E-04	0.000000E+00
9.979458E-04	0.000000E+00
1.236541E-03	0.000000E+00
1.475135E-03	0.000000E+00
1.713730E-03	0.000000E+00
1.952325E-03	0.000000E+00
2.190920E-03	0.000000E+00
2.429515E-03	0.000000E+00
2.668110E-03	0.000000E+00
2.906705E-03	0.000000E+00
3.145299E-03	0.000000E+00
3.383894E-03	0.000000E+00
3.622489E-03	0.000000E+00
3.861084E-03	0.000000E+00
4.099679E-03	0.000000E+00
4.338274E-03	0.000000E+00
4.576868E-03	0.000000E+00
4.815463E-03	0.000000E+00
5.054058E-03	0.000000E+00
5.292653E-03	0.000000E+00
5.531248E-03	0.000000E+00
5.769843E-03	0.000000E+00
6.008438E-03	0.000000E+00
6.247032E-03	0.000000E+00
6.485627E-03	0.000000E+00
6.724222E-03	0.000000E+00
6.962817E-03	0.000000E+00
7.201412E-03	0.000000E+00
7.440007E-03	0.000000E+00
7.678601E-03	0.000000E+00
7.917196E-03	0.000000E+00
8.155791E-03	0.000000E+00
8.394386E-03	3.066674E-01
8.632981E-03	6.423083E-01
8.871576E-03	1.007812E+00
9.110170E-03	1.396621E+00
9.348765E-03	1.801784E+00
9.587360E-03	2.216155E+00
9.825955E-03	2.632584E+00
1.006455E-02	3.044085E+00
1.030314E-02	3.444003E+00
1.054174E-02	3.826144E+00
1.078033E-02	4.184897E+00
1.101893E-02	4.515332E+00
1.125752E-02	4.813268E+00
1.149612E-02	5.075330E+00
1.173471E-02	5.298976E+00
1.197331E-02	5.482505E+00
1.221190E-02	5.625053E+00
1.245050E-02	5.726558E+00
1.268909E-02	5.787725E+00
1.292769E-02	5.809963E+00
1.316628E-02	5.795325E+00
1.340488E-02	5.746423E+00
1.364347E-02	5.666354E+00
1.388207E-02	5.558606E+00
1.412066E-02	5.426972E+00
1.435926E-02	5.275455E+00
1.459785E-02	5.108187E+00
1.483645E-02	4.929334E+00
1.507504E-02	4.743024E+00
1.531364E-02	4.553266E+00
1.555223E-02	4.363884E+00
1.579083E-02	4.178459E+00
1.602942E-02	4.000275E+00
1.626802E-02	3.832280E+00
1.650661E-02	3.677052E+00
1.674521E-02	3.536774E+00
1.698380E-02	3.413224E+00
1.722240E-02	3.307766E+00
1.746099E-02	3.221357E+00
1.769958E-02	3.154556E+00
1.793818E-02	3.107543E+00
1.817677E-02	3.080145E+00
1.841537E-02	3.071865E+00
1.865396E-02	3.081917E+00
1.889256E-02	3.109266E+00
1.913115E-02	3.152666E+00
1.936975E-02	3.210704E+00
1.960834E-02	3.281844E+00
1.984694E-02	3.364467E+00
2.008553E-02	3.456913E+00
2.032413E-02	3.557520E+00
2.056272E-02	3.664662E+00
2.080132E-02	3.776777E+00
2.103991E-02	3.892401E+00
2.127851E-02	4.010187E+00
2.151710E-02	4.128927E+00
2.175570E-02	4.247566E+00
2.199429E-02	4.365212E+00
2.223289E-02	4.481134E+00
2.247148E-02	4.594769E+00
2.271008E-02	4.705709E+00
2.294867E-02	4.813695E+00
2.318727E-02	4.918599E+00
2.342586E-02	5.020408E+00
2.366446E-02	5.119201E+00
2.390305E-02	5.215128E+00
2.414165E-02	5.308380E+00
2.438024E-02	5.399168E+00
2.461884E-02	5.487691E+00
2.485743E-02	5.574112E+00
2.509603E-02	5.658534E+00
2.533462E-02	5.740973E+00
2.557321E-02	5.821339E+00
2.581181E-02	5.899419E+00
2.605040E-02	5.974859E+00
2.628900E-02	6.047157E+00
2.652759E-02	6.115655E+00
2.676619E-02	6.179538E+00
2.700478E-02	6.237839E+00
2.724338E-02	6.289445E+00
2.748197E-02	6.333114E+00
2.772057E-02	6.367491E+00
2.795916E-02	6.391132E+00
2.819776E-02	6.402530E+00
2.843635E-02	6.400150E+00
2.867495E-02	6.382461E+00
2.891354E-02	6.347971E+00
2.915214E-02	6.295271E+00
2.939073E-02	6.223071E+00
2.962933E-02	6.130243E+00
2.986792E-02	6.015857E+00
3.010652E-02	5.879224E+00
3.034511E-02	5.719928E+00
3.058371E-02	5.537859E+00
3.082230E-02	5.333239E+00
3.106090E-02	5.106645E+00
3.129949E-02	4.859026E+00
3.153809E-02	4.591710E+00
3.177668E-02	4.306407E+00
3.201528E-02	4.005202E+00
3.225387E-02	3.690539E+00
3.249247E-02	3.365200E+00
3.273106E-02	3.032270E+00
3.296965E-02	2.695098E+00
3.320825E-02	2.357250E+00
3.344684E-02	2.022449E+00
3.368544E-02	1.694515E+00
3.392403E-02	1.377294E+00
3.416263E-02	1.074587E+00
3.440122E-02	7.900692E-01
3.463982E-02	5.272122E-01
3.487841E-02	2.892060E-01
3.511701E-02	7.887996E-02
3.535560E-02	-1.013716E-01
3.559420E-02	-2.496580E-01
3.583279E-02	-3.646536E-01
3.607139E-02	-4.456500E-01
3.630998E-02	-4.925959E-01
3.654858E-02	-5.061248E-01
3.678717E-02	-4.875661E-01
3.702577E-02	-4.389401E-01
3.726436E-02	-3.629371E-01
3.750296E-02	-2.628737E-01
3.774155E-02	-1.426329E-01
3.798015E-02	-6.584065E-03
3.821874E-02	1.405160E-01
3.845734E-02	2.936403E-01
3.869593E-02	4.476258E-01
3.893453E-02	5.973175E-01
3.917312E-02	7.377289E-01
3.941172E-02	8.642064E-01
3.965031E-02	9.725953E-01
3.988891E-02	1.059407E+00
4.012750E-02	1.121971E+00
4.036610E-02	1.158582E+00
4.060469E-02	1.168616E+00
4.084328E-02	1.152618E+00
4.108188E-02	1.112362E+00
4.132047E-02	1.050857E+00
4.155907E-02	9.723021E-01
4.179766E-02	8.819901E-01
4.203626E-02	7.861445E-01
4.227485E-02	6.916869E-01
4.251345E-02	6.059373E-01
4.275204E-02	5.362469E-01
4.299064E-02	4.895682E-01
4.322923E-02	4.719646E-01
4.346783E-02	4.880869E-01
4.370642E-02	5.406267E-01
4.394502E-02	6.297795E-01
4.418361E-02	7.527531E-01
4.442221E-02	9.033755E-01
4.466080E-02	1.071860E+00
4.489940E-02	1.244805E+00
4.513799E-02	1.405519E+00
4.537659E-02	1.534791E+00
4.561518E-02	1.612236E+00
4.585378E-02	1.618385E+00
4.609237E-02	1.537686E+00
4.633097E-02	1.362673E+00
4.656956E-02	1.099542E+00
4.680816E-02	7.754269E-01
4.704675E-02	4.477331E-01
4.728535E-02	2.159250E-01
4.752394E-02	2.362210E-01
4.776254E-02	7.397095E-01
4.800113E-02	2.054461E+00
