time	Max
5.162428E-04	0.000000E+00
6.644043E-04	0.000000E+00
8.125659E-04	0.000000E+00
9.607274E-04	0.000000E+00
1.108889E-03	0.000000E+00
1.257051E-03	0.000000E+00
1.405212E-03	0.000000E+00
1.553374E-03	0.000000E+00
1.701535E-03	0.000000E+00
1.849697E-03	0.000000E+00
1.997858E-03	0.000000E+00
2.146020E-03	0.000000E+00
2.294181E-03	0.000000E+00
2.442343E-03	0.000000E+00
2.590504E-03	0.000000E+00
2.738666E-03	0.000000E+00
2.886827E-03	0.000000E+00
3.034989E-03	0.000000E+00
3.183151E-03	0.000000E+00
3.331312E-03	0.000000E+00
3.479474E-03	0.000000E+00
3.627635E-03	0.000000E+00
3.775797E-03	0.000000E+00
3.923958E-03	0.000000E+00
4.072120E-03	0.000000E+00
4.220281E-03	0.000000E+00
4.368443E-03	0.000000E+00
4.516604E-03	0.000000E+00
4.664766E-03	0.000000E+00
4.812928E-03	-3.141284E-01
4.961089E-03	-9.833659E-02
5.109251E-03	1.681557E-01
5.257412E-03	4.818043E-01
5.405574E-03	8.377338E-01
5.553735E-03	1.229934E+00
5.701897E-03	1.651478E+00
5.850058E-03	2.094746E+00
5.998220E-03	2.551663E+00
6.146381E-03	3.013931E+00
6.294543E-03	3.473245E+00
6.442705E-03	3.921510E+00
6.590866E-03	4.351030E+00
6.739028E-03	4.754683E+00
6.887189E-03	5.126065E+00
7.035351E-03	5.459619E+00
7.183512E-03	5.750725E+00
7.331674E-03	5.995779E+00
7.479835E-03	6.192229E+00
7.627997E-03	6.338599E+00
7.776158E-03	6.434482E+00
7.924320E-03	6.480506E+00
8.072482E-03	6.478290E+00
8.220643E-03	6.430375E+00
8.368805E-03	6.340136E+00
8.516966E-03	6.211686E+00
8.665128E-03	6.049770E+00
8.813289E-03	5.859642E+00
8.961451E-03	5.646950E+00
9.109612E-03	5.417606E+00
9.257774E-03	5.177663E+00
9.405935E-03	4.933193E+00
9.554097E-03	4.690165E+00
9.702259E-03	4.454337E+00
9.850420E-03	4.231152E+00
9.998582E-03	4.025640E+00
1.014674E-02	3.842336E+00
1.029490E-02	3.685213E+00
1.044307E-02	3.557616E+00
1.059123E-02	3.462223E+00
1.073939E-02	3.401008E+00
1.088755E-02	3.375228E+00
1.103571E-02	3.385412E+00
1.118387E-02	3.431373E+00
1.133204E-02	3.512228E+00
1.148020E-02	3.626426E+00
1.162836E-02	3.771796E+00
1.177652E-02	3.945592E+00
1.192468E-02	4.144558E+00
1.207284E-02	4.364994E+00
1.222100E-02	4.602827E+00
1.236917E-02	4.853690E+00
1.251733E-02	5.113002E+00
1.266549E-02	5.376047E+00
1.281365E-02	5.638059E+00
1.296181E-02	5.894301E+00
1.310997E-02	6.140142E+00
1.325814E-02	6.371135E+00
1.340630E-02	6.583082E+00
1.355446E-02	6.772102E+00
1.370262E-02	6.934686E+00
1.385078E-02	7.067750E+00
1.399894E-02	7.168675E+00
1.414710E-02	7.235339E+00
1.429527E-02	7.266148E+00
1.444343E-02	7.260046E+00
1.459159E-02	7.216526E+00
1.473975E-02	7.135627E+00
1.488791E-02	7.017924E+00
1.503607E-02	6.864509E+00
1.518424E-02	6.676964E+00
1.533240E-02	6.457329E+00
1.548056E-02	6.208062E+00
1.562872E-02	5.931990E+00
1.577688E-02	5.632261E+00
1.592504E-02	5.312288E+00
1.607320E-02	4.975690E+00
1.622137E-02	4.626235E+00
1.636953E-02	4.267777E+00
1.651769E-02	3.904192E+00
1.666585E-02	3.539324E+00
1.681401E-02	3.176921E+00
1.696217E-02	2.820582E+00
1.711034E-02	2.473705E+00
1.725850E-02	2.139439E+00
1.740666E-02	1.820642E+00
1.755482E-02	1.519845E+00
1.770298E-02	1.239221E+00
1.785114E-02	9.805604E-01
1.799930E-02	7.452571E-01
1.814747E-02	5.342975E-01
1.829563E-02	3.482585E-01
1.844379E-02	1.873128E-01
1.859195E-02	5.124103E-02
1.874011E-02	-6.055031E-02
1.888827E-02	-1.490032E-01
1.903644E-02	-2.153779E-01
1.918460E-02	-2.612172E-01
1.933276E-02	-2.883066E-01
1.948092E-02	-2.986305E-01
1.962908E-02	-2.943261E-01
1.977724E-02	-2.776355E-01
1.992541E-02	-2.508566E-01
2.007357E-02	-2.162946E-01
2.022173E-02	-1.762141E-01
2.036989E-02	-1.327941E-01
2.051805E-02	-8.808488E-02
2.066621E-02	-4.396946E-02
2.081437E-02	-2.129532E-03
2.096254E-02	3.598318E-02
2.111070E-02	6.916983E-02
2.125886E-02	9.650084E-02
2.140702E-02	1.173254E-01
2.155518E-02	1.312733E-01
2.170334E-02	1.382515E-01
2.185151E-02	1.384313E-01
2.199967E-02	1.322306E-01
2.214783E-02	1.202890E-01
2.229599E-02	1.034373E-01
2.244415E-02	8.266167E-02
2.259231E-02	5.906457E-02
2.274047E-02	3.382124E-02
2.288864E-02	8.135564E-03
2.303680E-02	-1.680561E-02
2.318496E-02	-3.987773E-02
2.333312E-02	-6.006038E-02
2.348128E-02	-7.647834E-02
2.362944E-02	-8.843501E-02
2.377761E-02	-9.544237E-02
2.392577E-02	-9.724219E-02
2.407393E-02	-9.381876E-02
2.422209E-02	-8.540507E-02
2.437025E-02	-7.247430E-02
2.451841E-02	-5.572749E-02
2.466657E-02	-3.606388E-02
2.481474E-02	-1.454724E-02
2.496290E-02	7.638284E-03
2.511106E-02	2.924678E-02
2.525922E-02	4.902202E-02
2.540738E-02	6.577296E-02
2.555554E-02	7.843020E-02
2.570371E-02	8.612065E-02
2.585187E-02	8.822544E-02
2.600003E-02	8.443568E-02
2.614819E-02	7.479970E-02
2.629635E-02	5.974820E-02
2.644451E-02	4.010596E-02
2.659267E-02	1.707747E-02
2.674084E-02	-7.785304E-03
2.688900E-02	-3.266317E-02
2.703716E-02	-5.555391E-02
2.718532E-02	-7.440679E-02
2.733348E-02	-8.727756E-02
2.748164E-02	-9.250898E-02
2.762981E-02	-8.892523E-02
2.777797E-02	-7.603799E-02
2.792613E-02	-5.423977E-02
2.807429E-02	-2.496248E-02
2.822245E-02	9.218394E-03
2.837061E-02	4.456284E-02
2.851877E-02	7.631378E-02
2.866694E-02	9.900348E-02
2.881510E-02	1.070425E-01
2.896326E-02	9.563057E-02
2.911142E-02	6.214007E-02
2.925958E-02	7.994289E-03
2.940774E-02	-5.869418E-02
2.955591E-02	-1.196980E-01
2.970407E-02	-1.421824E-01
2.985223E-02	-7.298545E-02
3.000039E-02	1.686384E-01
