         time	         Dpar	   rf_plus_rp	         rfrp	  rf_minus_rp
 5.207621E-04	 1.250000E-04	 7.403016E+02	 7.393016E+02	 7.383016E+02
 1.028641E-03	 1.250000E-04	 7.444253E+02	 7.434253E+02	 7.424253E+02
 1.536453E-03	 1.250000E-04	 7.562887E+02	 7.552887E+02	 7.542887E+02
 2.005203E-03	 1.250000E-04	 7.702704E+02	 7.692704E+02	 7.682704E+02
 2.513015E-03	 1.250000E-04	 7.802574E+02	 7.792574E+02	 7.782574E+02
 3.020828E-03	 1.250000E-04	 7.722962E+02	 7.712962E+02	 7.702962E+02
 3.528640E-03	 1.250000E-04	 7.703015E+02	 7.693015E+02	 7.683015E+02
 4.036453E-03	 1.250000E-04	 7.624276E+02	 7.614276E+02	 7.604276E+02
 4.505203E-03	 1.250000E-04	 1.108761E+02	 1.098761E+02	 1.088761E+02
 5.013015E-03	 1.250000E-04	 1.208649E+02	 1.198649E+02	 1.188649E+02
 5.520828E-03	 1.250000E-04	 1.328514E+02	 1.318514E+02	 1.308514E+02
 6.028640E-03	 1.250000E-04	 1.448378E+02	 1.438378E+02	 1.428378E+02
 6.536453E-03	 1.250000E-04	 1.568243E+02	 1.558243E+02	 1.548243E+02
 7.005203E-03	 1.250000E-04	 1.668131E+02	 1.658131E+02	 1.648131E+02
 7.513015E-03	 1.250000E-04	 1.768018E+02	 1.758018E+02	 1.748018E+02
 8.020828E-03	 1.250000E-04	 1.867905E+02	 1.857905E+02	 1.847905E+02
 8.528640E-03	 1.250000E-04	 7.920401E+00	 6.920401E+00	 5.920401E+00
 9.036453E-03	 1.250000E-04	 6.993243E+00	 5.993243E+00	 4.993243E+00
 9.502191E-03	 1.250000E-04	 6.993243E+00	 5.993243E+00	 4.993243E+00
 1.000450E-02	 1.250000E-04	 3.825242E+00	 2.825242E+00	 1.825242E+00
 1.050174E-02	 1.250000E-04	 1.000000E+00	 0.000000E+00	 -1.000000E+00
 1.100030E-02	 1.250000E-04	 1.000000E+00	 0.000000E+00	 -1.000000E+00
 1.150032E-02	 1.250000E-04	 5.467100E+00	 4.467100E+00	 3.467100E+00
 1.200017E-02	 1.250000E-04	 5.893463E+00	 4.893463E+00	 3.893463E+00
 1.250006E-02	 1.250000E-04	 7.317433E+00	 6.317433E+00	 5.317433E+00
 1.300012E-02	 1.250000E-04	 6.993243E+00	 5.993243E+00	 4.993243E+00
 1.350112E-02	 1.250000E-04	 8.990991E+00	 7.990991E+00	 6.990991E+00
 1.400089E-02	 1.250000E-04	 5.893463E+00	 4.893463E+00	 3.893463E+00
 1.450357E-02	 1.250000E-04	 2.997748E+00	 1.997748E+00	 9.977477E-01
 1.500536E-02	 1.250000E-04	 1.000000E+00	 0.000000E+00	 -1.000000E+00
 1.550164E-02	 1.250000E-04	 1.000000E+00	 0.000000E+00	 -1.000000E+00
 1.600071E-02	 1.250000E-04	 1.000000E+00	 0.000000E+00	 -1.000000E+00
 1.650016E-02	 1.250000E-04	 1.000000E+00	 0.000000E+00	 -1.000000E+00
 1.700132E-02	 1.250000E-04	 1.000000E+00	 0.000000E+00	 -1.000000E+00
 1.750033E-02	 1.250000E-04	 1.000000E+00	 0.000000E+00	 -1.000000E+00
 1.800121E-02	 1.250000E-04	 1.000000E+00	 0.000000E+00	 -1.000000E+00
 1.850199E-02	 1.250000E-04	 1.000000E+00	 0.000000E+00	 -1.000000E+00
 1.900061E-02	 1.250000E-04	 1.000000E+00	 0.000000E+00	 -1.000000E+00
 1.950031E-02	 1.250000E-04	 1.000000E+00	 0.000000E+00	 -1.000000E+00
 2.000186E-02	 1.250000E-04	 1.000000E+00	 0.000000E+00	 -1.000000E+00
 2.050240E-02	 1.250000E-04	 1.000000E+00	 0.000000E+00	 -1.000000E+00
 2.100164E-02	 1.250000E-04	 1.000000E+00	 0.000000E+00	 -1.000000E+00
 2.150001E-02	 1.250000E-04	 1.000000E+00	 0.000000E+00	 -1.000000E+00
 2.200106E-02	 1.250000E-04	 1.000000E+00	 0.000000E+00	 -1.000000E+00
 2.250107E-02	 1.250000E-04	 1.000000E+00	 0.000000E+00	 -1.000000E+00
 2.300018E-02	 1.250000E-04	 2.997748E+00	 1.997748E+00	 9.977477E-01
 2.350010E-02	 1.250000E-04	 3.825242E+00	 2.825242E+00	 1.825242E+00
 2.400047E-02	 1.250000E-04	 5.467100E+00	 4.467100E+00	 3.467100E+00
 2.450030E-02	 1.250000E-04	 5.467100E+00	 4.467100E+00	 3.467100E+00
 2.500092E-02	 1.250000E-04	 5.893463E+00	 4.893463E+00	 3.893463E+00
 2.550031E-02	 1.250000E-04	 5.893463E+00	 4.893463E+00	 3.893463E+00
 2.600029E-02	 1.250000E-04	 1.000000E+00	 0.000000E+00	 -1.000000E+00
 2.650357E-02	 1.250000E-04	 1.000000E+00	 0.000000E+00	 -1.000000E+00
 2.701557E-02	 1.250000E-04	 1.000000E+00	 0.000000E+00	 -1.000000E+00
 2.751267E-02	 1.250000E-04	 1.000000E+00	 0.000000E+00	 -1.000000E+00
 2.801483E-02	 1.250000E-04	 1.000000E+00	 0.000000E+00	 -1.000000E+00
 2.850815E-02	 1.250000E-04	 1.000000E+00	 0.000000E+00	 -1.000000E+00
 2.902726E-02	 1.250000E-04	 1.000000E+00	 0.000000E+00	 -1.000000E+00
 2.952266E-02	 1.250000E-04	 1.000000E+00	 0.000000E+00	 -1.000000E+00
 3.002369E-02	 1.250000E-04	 1.000000E+00	 0.000000E+00	 -1.000000E+00
 3.052541E-02	 1.250000E-04	 1.000000E+00	 0.000000E+00	 -1.000000E+00
 3.102769E-02	 1.250000E-04	 1.000000E+00	 0.000000E+00	 -1.000000E+00
 3.153040E-02	 1.250000E-04	 1.000000E+00	 0.000000E+00	 -1.000000E+00
 3.203338E-02	 1.250000E-04	 1.000000E+00	 0.000000E+00	 -1.000000E+00
 3.253650E-02	 1.250000E-04	 1.000000E+00	 0.000000E+00	 -1.000000E+00
 3.300101E-02	 1.250000E-04	 1.000000E+00	 0.000000E+00	 -1.000000E+00
 3.350422E-02	 1.250000E-04	 1.000000E+00	 0.000000E+00	 -1.000000E+00
 3.400738E-02	 1.250000E-04	 1.000000E+00	 0.000000E+00	 -1.000000E+00
 3.451048E-02	 1.250000E-04	 1.000000E+00	 0.000000E+00	 -1.000000E+00
 3.501351E-02	 1.250000E-04	 1.000000E+00	 0.000000E+00	 -1.000000E+00
 3.551646E-02	 1.250000E-04	 1.000000E+00	 0.000000E+00	 -1.000000E+00
 3.601931E-02	 1.250000E-04	 2.997748E+00	 1.997748E+00	 9.977477E-01
 3.652201E-02	 1.250000E-04	 1.000000E+00	 0.000000E+00	 -1.000000E+00
 3.702452E-02	 1.250000E-04	 1.000000E+00	 0.000000E+00	 -1.000000E+00
 3.752677E-02	 1.250000E-04	 1.000000E+00	 0.000000E+00	 -1.000000E+00
 3.802872E-02	 1.250000E-04	 1.000000E+00	 0.000000E+00	 -1.000000E+00
 3.853027E-02	 1.250000E-04	 2.997748E+00	 1.997748E+00	 9.977477E-01
 3.903038E-02	 1.250000E-04	 1.000000E+00	 0.000000E+00	 -1.000000E+00
 3.952902E-02	 1.250000E-04	 1.000000E+00	 0.000000E+00	 -1.000000E+00
 4.002573E-02	 1.250000E-04	 1.000000E+00	 0.000000E+00	 -1.000000E+00
 4.052002E-02	 1.250000E-04	 1.000000E+00	 0.000000E+00	 -1.000000E+00
 4.101146E-02	 1.250000E-04	 1.000000E+00	 0.000000E+00	 -1.000000E+00
 4.150243E-02	 1.250000E-04	 1.000000E+00	 0.000000E+00	 -1.000000E+00
 4.203048E-02	 1.250000E-04	 1.000000E+00	 0.000000E+00	 -1.000000E+00
 4.252043E-02	 1.250000E-04	 1.000000E+00	 0.000000E+00	 -1.000000E+00
 4.300767E-02	 1.250000E-04	 1.000000E+00	 0.000000E+00	 -1.000000E+00
 4.352556E-02	 1.250000E-04	 1.000000E+00	 0.000000E+00	 -1.000000E+00
 4.400513E-02	 1.250000E-04	 1.000000E+00	 0.000000E+00	 -1.000000E+00
 4.452070E-02	 1.250000E-04	 1.000000E+00	 0.000000E+00	 -1.000000E+00
 4.503485E-02	 1.250000E-04	 1.000000E+00	 0.000000E+00	 -1.000000E+00
 4.551757E-02	 1.250000E-04	 1.000000E+00	 0.000000E+00	 -1.000000E+00
 4.600713E-02	 1.250000E-04	 1.000000E+00	 0.000000E+00	 -1.000000E+00
 4.650123E-02	 1.250000E-04	 1.000000E+00	 0.000000E+00	 -1.000000E+00
