time	rfrp
5.167807E-04	0.000000E+00
8.510832E-04	0.000000E+00
1.185386E-03	0.000000E+00
1.519688E-03	0.000000E+00
1.853991E-03	0.000000E+00
2.188293E-03	0.000000E+00
2.522595E-03	0.000000E+00
2.856898E-03	0.000000E+00
3.191200E-03	0.000000E+00
3.525503E-03	0.000000E+00
3.859805E-03	0.000000E+00
4.194108E-03	0.000000E+00
4.528410E-03	0.000000E+00
4.862713E-03	0.000000E+00
5.197015E-03	0.000000E+00
5.531318E-03	0.000000E+00
5.865620E-03	0.000000E+00
6.199922E-03	0.000000E+00
6.534225E-03	0.000000E+00
6.868527E-03	0.000000E+00
7.202830E-03	0.000000E+00
7.537132E-03	0.000000E+00
7.871435E-03	0.000000E+00
8.205737E-03	0.000000E+00
8.540040E-03	0.000000E+00
8.874342E-03	0.000000E+00
9.208645E-03	0.000000E+00
9.542947E-03	0.000000E+00
9.877250E-03	0.000000E+00
1.021155E-02	0.000000E+00
1.054585E-02	0.000000E+00
1.088016E-02	0.000000E+00
1.121446E-02	0.000000E+00
1.154876E-02	0.000000E+00
1.188306E-02	0.000000E+00
1.221737E-02	0.000000E+00
1.255167E-02	0.000000E+00
1.288597E-02	2.203217E+00
1.322027E-02	2.530134E+00
1.355458E-02	2.861090E+00
1.388888E-02	3.191873E+00
1.422318E-02	3.518352E+00
1.455748E-02	3.836550E+00
1.489179E-02	4.142718E+00
1.522609E-02	4.433389E+00
1.556039E-02	4.705428E+00
1.589469E-02	4.956072E+00
1.622900E-02	5.182961E+00
1.656330E-02	5.384149E+00
1.689760E-02	5.558120E+00
1.723190E-02	5.703788E+00
1.756621E-02	5.820487E+00
1.790051E-02	5.907955E+00
1.823481E-02	5.966321E+00
1.856911E-02	5.996071E+00
1.890342E-02	5.998022E+00
1.923772E-02	5.973288E+00
1.957202E-02	5.923246E+00
1.990632E-02	5.849496E+00
2.024063E-02	5.753827E+00
2.057493E-02	5.638178E+00
2.090923E-02	5.504600E+00
2.124353E-02	5.355225E+00
2.157784E-02	5.192230E+00
2.191214E-02	5.017809E+00
2.224644E-02	4.834145E+00
2.258074E-02	4.643384E+00
2.291505E-02	4.447615E+00
2.324935E-02	4.248852E+00
2.358365E-02	4.049019E+00
2.391795E-02	3.849938E+00
2.425226E-02	3.653321E+00
2.458656E-02	3.460764E+00
2.492086E-02	3.273744E+00
2.525516E-02	3.093616E+00
2.558947E-02	2.921618E+00
2.592377E-02	2.758869E+00
2.625807E-02	2.606376E+00
2.659237E-02	2.465038E+00
2.692667E-02	2.335651E+00
2.726098E-02	2.218913E+00
2.759528E-02	2.115431E+00
2.792958E-02	2.025725E+00
2.826388E-02	1.950235E+00
2.859819E-02	1.889322E+00
2.893249E-02	1.843271E+00
2.926679E-02	1.812296E+00
2.960109E-02	1.796540E+00
2.993540E-02	1.796069E+00
3.026970E-02	1.810880E+00
3.060400E-02	1.840890E+00
3.093830E-02	1.885938E+00
3.127261E-02	1.945777E+00
3.160691E-02	2.020072E+00
3.194121E-02	2.108391E+00
3.227551E-02	2.210202E+00
3.260982E-02	2.324865E+00
3.294412E-02	2.451631E+00
3.327842E-02	2.589631E+00
3.361272E-02	2.737877E+00
3.394703E-02	2.895258E+00
3.428133E-02	3.060538E+00
3.461563E-02	3.232358E+00
3.494993E-02	3.409236E+00
3.528424E-02	3.589575E+00
3.561854E-02	3.771666E+00
3.595284E-02	3.953702E+00
3.628714E-02	4.133786E+00
3.662145E-02	4.309947E+00
3.695575E-02	4.480156E+00
3.729005E-02	4.642348E+00
3.762435E-02	4.794441E+00
3.795866E-02	4.934360E+00
3.829296E-02	5.060064E+00
3.862726E-02	5.169573E+00
3.896156E-02	5.260996E+00
3.929587E-02	5.332559E+00
3.963017E-02	5.382638E+00
3.996447E-02	5.409784E+00
4.029877E-02	5.412754E+00
4.063308E-02	5.390541E+00
4.096738E-02	5.342394E+00
4.130168E-02	5.267846E+00
4.163598E-02	5.166733E+00
4.197029E-02	5.039209E+00
4.230459E-02	4.885762E+00
4.263889E-02	4.707222E+00
4.297319E-02	4.504762E+00
4.330750E-02	4.279899E+00
4.364180E-02	4.034485E+00
4.397610E-02	3.770694E+00
4.431040E-02	3.491002E+00
4.464471E-02	3.198164E+00
4.497901E-02	2.895180E+00
4.531331E-02	2.585260E+00
4.564761E-02	2.271778E+00
4.598192E-02	1.958228E+00
4.631622E-02	1.648169E+00
4.665052E-02	1.345172E+00
4.698482E-02	1.052758E+00
4.731912E-02	7.743343E-01
4.765343E-02	5.131394E-01
4.798773E-02	2.721740E-01
4.832203E-02	5.414268E-02
4.865633E-02	-1.386051E-01
4.899064E-02	-3.041298E-01
4.932494E-02	-4.409514E-01
4.965924E-02	-5.480917E-01
4.999354E-02	-6.251093E-01
5.032785E-02	-6.721251E-01
5.066215E-02	-6.898366E-01
5.099645E-02	-6.795214E-01
5.133075E-02	-6.430276E-01
5.166506E-02	-5.827502E-01
5.199936E-02	-5.015952E-01
5.233366E-02	-4.029278E-01
5.266796E-02	-2.905070E-01
5.300227E-02	-1.684073E-01
5.333657E-02	-4.092633E-02
5.367087E-02	8.751876E-02
5.400517E-02	2.125046E-01
5.433948E-02	3.297242E-01
5.467378E-02	4.351120E-01
5.500808E-02	5.249760E-01
5.534238E-02	5.961230E-01
5.567669E-02	6.459831E-01
5.601099E-02	6.727229E-01
5.634529E-02	6.753431E-01
5.667959E-02	6.537599E-01
5.701390E-02	6.088583E-01
5.734820E-02	5.425178E-01
5.768250E-02	4.576025E-01
5.801680E-02	3.579132E-01
5.835111E-02	2.480926E-01
5.868541E-02	1.334857E-01
5.901971E-02	1.995079E-02
5.935401E-02	-8.637959E-02
5.968832E-02	-1.793870E-01
6.002262E-02	-2.532968E-01
6.035692E-02	-3.030506E-01
6.069122E-02	-3.246964E-01
6.102553E-02	-3.157986E-01
6.135983E-02	-2.758280E-01
6.169413E-02	-2.065261E-01
6.202843E-02	-1.121783E-01
6.236274E-02	2.054743E-04
6.269704E-02	1.209005E-01
6.303134E-02	2.377004E-01
6.336564E-02	3.364678E-01
6.369995E-02	4.020857E-01
6.403425E-02	4.199332E-01
6.436855E-02	3.779890E-01
6.470285E-02	2.697540E-01
6.503716E-02	9.811408E-02
6.537146E-02	-1.196021E-01
6.570576E-02	-3.451844E-01
6.604006E-02	-5.114283E-01
6.637437E-02	-5.120534E-01
6.670867E-02	-1.893275E-01
6.704297E-02	6.810132E-01
