time	Mid
5.207572E-04	0.000000E+00
7.543279E-04	0.000000E+00
9.878985E-04	0.000000E+00
1.221469E-03	0.000000E+00
1.455040E-03	0.000000E+00
1.688611E-03	0.000000E+00
1.922181E-03	0.000000E+00
2.155752E-03	0.000000E+00
2.389323E-03	0.000000E+00
2.622893E-03	0.000000E+00
2.856464E-03	0.000000E+00
3.090035E-03	0.000000E+00
3.323605E-03	0.000000E+00
3.557176E-03	0.000000E+00
3.790747E-03	0.000000E+00
4.024317E-03	0.000000E+00
4.257888E-03	0.000000E+00
4.491459E-03	0.000000E+00
4.725029E-03	0.000000E+00
4.958600E-03	0.000000E+00
5.192171E-03	0.000000E+00
5.425741E-03	0.000000E+00
5.659312E-03	0.000000E+00
5.892883E-03	0.000000E+00
6.126453E-03	0.000000E+00
6.360024E-03	0.000000E+00
6.593595E-03	0.000000E+00
6.827165E-03	0.000000E+00
7.060736E-03	0.000000E+00
7.294307E-03	0.000000E+00
7.527877E-03	0.000000E+00
7.761448E-03	0.000000E+00
7.995019E-03	0.000000E+00
8.228589E-03	0.000000E+00
8.462160E-03	-3.163394E-01
8.695731E-03	-1.566401E-01
8.929301E-03	3.776286E-02
9.162872E-03	2.643455E-01
9.396443E-03	5.198171E-01
9.630013E-03	8.002311E-01
9.863584E-03	1.101106E+00
1.009715E-02	1.417550E+00
1.033073E-02	1.744390E+00
1.056430E-02	2.076295E+00
1.079787E-02	2.407900E+00
1.103144E-02	2.733924E+00
1.126501E-02	3.049272E+00
1.149858E-02	3.349139E+00
1.173215E-02	3.629094E+00
1.196572E-02	3.885154E+00
1.219929E-02	4.113847E+00
1.243286E-02	4.312260E+00
1.266643E-02	4.478077E+00
1.290000E-02	4.609598E+00
1.313357E-02	4.705753E+00
1.336714E-02	4.766096E+00
1.360071E-02	4.790796E+00
1.383429E-02	4.780611E+00
1.406786E-02	4.736855E+00
1.430143E-02	4.661360E+00
1.453500E-02	4.556423E+00
1.476857E-02	4.424756E+00
1.500214E-02	4.269424E+00
1.523571E-02	4.093786E+00
1.546928E-02	3.901428E+00
1.570285E-02	3.696099E+00
1.593642E-02	3.481643E+00
1.616999E-02	3.261937E+00
1.640356E-02	3.040826E+00
1.663713E-02	2.822067E+00
1.687070E-02	2.609266E+00
1.710427E-02	2.405834E+00
1.733785E-02	2.214934E+00
1.757142E-02	2.039445E+00
1.780499E-02	1.881920E+00
1.803856E-02	1.744563E+00
1.827213E-02	1.629203E+00
1.850570E-02	1.537274E+00
1.873927E-02	1.469812E+00
1.897284E-02	1.427444E+00
1.920641E-02	1.410394E+00
1.943998E-02	1.418489E+00
1.967355E-02	1.451172E+00
1.990712E-02	1.507521E+00
2.014069E-02	1.586274E+00
2.037426E-02	1.685852E+00
2.060783E-02	1.804394E+00
2.084141E-02	1.939787E+00
2.107498E-02	2.089707E+00
2.130855E-02	2.251652E+00
2.154212E-02	2.422987E+00
2.177569E-02	2.600980E+00
2.200926E-02	2.782846E+00
2.224283E-02	2.965785E+00
2.247640E-02	3.147022E+00
2.270997E-02	3.323844E+00
2.294354E-02	3.493638E+00
2.317711E-02	3.653922E+00
2.341068E-02	3.802378E+00
2.364425E-02	3.936879E+00
2.387782E-02	4.055513E+00
2.411139E-02	4.156604E+00
2.434497E-02	4.238729E+00
2.457854E-02	4.300734E+00
2.481211E-02	4.341738E+00
2.504568E-02	4.361144E+00
2.527925E-02	4.358636E+00
2.551282E-02	4.334181E+00
2.574639E-02	4.288016E+00
2.597996E-02	4.220647E+00
2.621353E-02	4.132831E+00
2.644710E-02	4.025558E+00
2.668067E-02	3.900038E+00
2.691424E-02	3.757674E+00
2.714781E-02	3.600046E+00
2.738138E-02	3.428875E+00
2.761495E-02	3.246009E+00
2.784853E-02	3.053385E+00
2.808210E-02	2.853010E+00
2.831567E-02	2.646924E+00
2.854924E-02	2.437179E+00
2.878281E-02	2.225811E+00
2.901638E-02	2.014808E+00
2.924995E-02	1.806093E+00
2.948352E-02	1.601493E+00
2.971709E-02	1.402724E+00
2.995066E-02	1.211365E+00
3.018423E-02	1.028847E+00
3.041780E-02	8.564356E-01
3.065137E-02	6.952184E-01
3.088494E-02	5.460978E-01
3.111851E-02	4.097846E-01
3.135209E-02	2.867942E-01
3.158566E-02	1.774472E-01
3.181923E-02	8.187126E-02
3.205280E-02	7.121335E-06
3.228637E-02	-6.838367E-02
3.251994E-02	-1.237084E-01
3.275351E-02	-1.665303E-01
3.298708E-02	-1.975540E-01
3.322065E-02	-2.176090E-01
3.345422E-02	-2.276316E-01
3.368779E-02	-2.286463E-01
3.392136E-02	-2.217452E-01
3.415493E-02	-2.080682E-01
3.438850E-02	-1.887818E-01
3.462207E-02	-1.650590E-01
3.485565E-02	-1.380591E-01
3.508922E-02	-1.089085E-01
3.532279E-02	-7.868267E-02
3.555636E-02	-4.838926E-02
3.578993E-02	-1.895274E-02
3.602350E-02	8.798190E-03
3.625707E-02	3.414280E-02
3.649064E-02	5.647636E-02
3.672421E-02	7.531726E-02
3.695778E-02	9.031090E-02
3.719135E-02	1.012320E-01
3.742492E-02	1.079826E-01
3.765849E-02	1.105897E-01
3.789206E-02	1.091991E-01
3.812563E-02	1.040674E-01
3.835921E-02	9.555167E-02
3.859278E-02	8.409730E-02
3.882635E-02	7.022448E-02
3.905992E-02	5.451222E-02
3.929349E-02	3.758179E-02
3.952706E-02	2.007895E-02
3.976063E-02	2.656175E-03
3.999420E-02	-1.404669E-02
4.022777E-02	-2.941995E-02
4.046134E-02	-4.290432E-02
4.069491E-02	-5.400646E-02
4.092848E-02	-6.231700E-02
4.116205E-02	-6.752641E-02
4.139562E-02	-6.943647E-02
4.162919E-02	-6.797475E-02
4.186277E-02	-6.320293E-02
4.209634E-02	-5.532195E-02
4.232991E-02	-4.467826E-02
4.256348E-02	-3.175949E-02
4.279705E-02	-1.719386E-02
4.303062E-02	-1.735701E-03
4.326419E-02	1.374791E-02
4.349776E-02	2.830332E-02
4.373133E-02	4.092215E-02
4.396490E-02	5.058671E-02
4.419847E-02	5.632667E-02
4.443204E-02	5.729497E-02
4.466561E-02	5.285962E-02
4.489918E-02	4.272705E-02
4.513275E-02	2.709071E-02
4.536633E-02	6.817359E-03
4.559990E-02	-1.631367E-02
4.583347E-02	-3.932527E-02
4.606704E-02	-5.768302E-02
4.630061E-02	-6.485395E-02
4.653418E-02	-5.176545E-02
4.676775E-02	-6.148389E-03
4.700132E-02	8.825954E-02
