time	tmin_flame	tmid_flame	tmax_flame
1.028640E-03	0.000000E+00	0.000000E+00	0.000000E+00
1.234664E-03	0.000000E+00	0.000000E+00	0.000000E+00
1.440687E-03	0.000000E+00	0.000000E+00	0.000000E+00
1.646711E-03	0.000000E+00	0.000000E+00	0.000000E+00
1.852734E-03	0.000000E+00	0.000000E+00	0.000000E+00
2.058758E-03	0.000000E+00	0.000000E+00	0.000000E+00
2.264781E-03	0.000000E+00	0.000000E+00	0.000000E+00
2.470805E-03	0.000000E+00	0.000000E+00	0.000000E+00
2.676829E-03	0.000000E+00	0.000000E+00	0.000000E+00
2.882852E-03	0.000000E+00	0.000000E+00	0.000000E+00
3.088876E-03	0.000000E+00	0.000000E+00	0.000000E+00
3.294899E-03	0.000000E+00	0.000000E+00	0.000000E+00
3.500923E-03	0.000000E+00	0.000000E+00	0.000000E+00
3.706946E-03	0.000000E+00	0.000000E+00	0.000000E+00
3.912970E-03	0.000000E+00	0.000000E+00	0.000000E+00
4.118994E-03	0.000000E+00	0.000000E+00	0.000000E+00
4.325017E-03	0.000000E+00	0.000000E+00	0.000000E+00
4.531041E-03	0.000000E+00	0.000000E+00	0.000000E+00
4.737064E-03	0.000000E+00	0.000000E+00	0.000000E+00
4.943088E-03	0.000000E+00	0.000000E+00	0.000000E+00
5.149111E-03	0.000000E+00	0.000000E+00	0.000000E+00
5.355135E-03	0.000000E+00	0.000000E+00	0.000000E+00
5.561158E-03	0.000000E+00	0.000000E+00	0.000000E+00
5.767182E-03	0.000000E+00	0.000000E+00	0.000000E+00
5.973206E-03	0.000000E+00	0.000000E+00	0.000000E+00
6.179229E-03	0.000000E+00	0.000000E+00	0.000000E+00
6.385253E-03	0.000000E+00	0.000000E+00	0.000000E+00
6.591276E-03	0.000000E+00	0.000000E+00	0.000000E+00
6.797300E-03	0.000000E+00	0.000000E+00	0.000000E+00
7.003323E-03	0.000000E+00	0.000000E+00	0.000000E+00
7.209347E-03	0.000000E+00	0.000000E+00	0.000000E+00
7.415371E-03	0.000000E+00	0.000000E+00	0.000000E+00
7.621394E-03	1.452153E+00	1.560381E+00	1.914415E+00
7.827418E-03	1.521545E+00	1.661118E+00	2.131419E+00
8.033441E-03	1.574810E+00	1.749030E+00	2.343707E+00
8.239465E-03	1.612312E+00	1.824381E+00	2.549278E+00
8.445488E-03	1.634832E+00	1.887799E+00	2.746373E+00
8.651512E-03	1.643504E+00	1.940214E+00	2.933485E+00
8.857536E-03	1.639755E+00	1.982791E+00	3.109367E+00
9.063559E-03	1.625231E+00	2.016863E+00	3.273032E+00
9.269583E-03	1.601730E+00	2.043868E+00	3.423748E+00
9.475606E-03	1.571142E+00	2.065281E+00	3.561026E+00
9.681630E-03	1.535379E+00	2.082565E+00	3.684608E+00
9.887653E-03	1.496322E+00	2.097113E+00	3.794447E+00
1.009368E-02	1.455769E+00	2.110208E+00	3.890692E+00
1.029970E-02	1.415394E+00	2.122986E+00	3.973661E+00
1.050572E-02	1.376704E+00	2.136407E+00	4.043823E+00
1.071175E-02	1.341015E+00	2.151234E+00	4.101772E+00
1.091777E-02	1.309428E+00	2.168023E+00	4.148201E+00
1.112379E-02	1.282813E+00	2.187115E+00	4.183887E+00
1.132982E-02	1.261807E+00	2.208637E+00	4.209658E+00
1.153584E-02	1.246808E+00	2.232517E+00	4.226382E+00
1.174187E-02	1.237985E+00	2.258488E+00	4.234938E+00
1.194789E-02	1.235287E+00	2.286114E+00	4.236207E+00
1.215391E-02	1.238461E+00	2.314811E+00	4.231046E+00
1.235994E-02	1.247071E+00	2.343871E+00	4.220285E+00
1.256596E-02	1.260520E+00	2.372491E+00	4.204703E+00
1.277198E-02	1.278083E+00	2.399802E+00	4.185030E+00
1.297801E-02	1.298924E+00	2.424901E+00	4.161929E+00
1.318403E-02	1.322134E+00	2.446876E+00	4.135999E+00
1.339005E-02	1.346756E+00	2.464838E+00	4.107765E+00
1.359608E-02	1.371812E+00	2.477949E+00	4.077681E+00
1.380210E-02	1.396334E+00	2.485439E+00	4.046128E+00
1.400812E-02	1.419384E+00	2.486638E+00	4.013417E+00
1.421415E-02	1.440085E+00	2.480986E+00	3.979792E+00
1.442017E-02	1.457635E+00	2.468055E+00	3.945435E+00
1.462620E-02	1.471328E+00	2.447554E+00	3.910472E+00
1.483222E-02	1.480569E+00	2.419341E+00	3.874981E+00
1.503824E-02	1.484885E+00	2.383428E+00	3.838997E+00
1.524427E-02	1.483935E+00	2.339976E+00	3.802520E+00
1.545029E-02	1.477511E+00	2.289297E+00	3.765529E+00
1.565631E-02	1.465544E+00	2.231844E+00	3.727981E+00
1.586234E-02	1.448098E+00	2.168203E+00	3.689827E+00
1.606836E-02	1.425371E+00	2.099078E+00	3.651018E+00
1.627438E-02	1.397681E+00	2.025278E+00	3.611509E+00
1.648041E-02	1.365460E+00	1.947699E+00	3.571272E+00
1.668643E-02	1.329242E+00	1.867305E+00	3.530296E+00
1.689245E-02	1.289647E+00	1.785108E+00	3.488598E+00
1.709848E-02	1.247366E+00	1.702146E+00	3.446224E+00
1.730450E-02	1.203145E+00	1.619464E+00	3.403252E+00
1.751053E-02	1.157767E+00	1.538094E+00	3.359800E+00
1.771655E-02	1.112035E+00	1.459031E+00	3.316020E+00
1.792257E-02	1.066752E+00	1.383216E+00	3.272103E+00
1.812860E-02	1.022706E+00	1.311520E+00	3.228278E+00
1.833462E-02	9.806523E-01	1.244725E+00	3.184809E+00
1.854064E-02	9.412981E-01	1.183511E+00	3.141993E+00
1.874667E-02	9.052878E-01	1.128445E+00	3.100157E+00
1.895269E-02	8.731911E-01	1.079971E+00	3.059652E+00
1.915871E-02	8.454915E-01	1.038403E+00	3.020849E+00
1.936474E-02	8.225777E-01	1.003922E+00	2.984133E+00
1.957076E-02	8.047370E-01	9.765763E-01	2.949896E+00
1.977678E-02	7.921505E-01	9.562784E-01	2.918533E+00
1.998281E-02	7.848910E-01	9.428138E-01	2.890430E+00
2.018883E-02	7.829233E-01	9.358461E-01	2.865960E+00
2.039486E-02	7.861059E-01	9.349260E-01	2.845476E+00
2.060088E-02	7.941959E-01	9.395032E-01	2.829302E+00
2.080690E-02	8.068554E-01	9.489391E-01	2.817728E+00
2.101293E-02	8.236594E-01	9.625224E-01	2.811002E+00
2.121895E-02	8.441064E-01	9.794849E-01	2.809324E+00
2.142497E-02	8.676294E-01	9.990189E-01	2.812842E+00
2.163100E-02	8.936089E-01	1.020295E+00	2.821646E+00
2.183702E-02	9.213860E-01	1.042480E+00	2.835764E+00
2.204304E-02	9.502774E-01	1.064755E+00	2.855161E+00
2.224907E-02	9.795897E-01	1.086334E+00	2.879732E+00
2.245509E-02	1.008634E+00	1.106478E+00	2.909307E+00
2.266111E-02	1.036741E+00	1.124515E+00	2.943649E+00
2.286714E-02	1.063273E+00	1.139847E+00	2.982451E+00
2.307316E-02	1.087643E+00	1.151970E+00	3.025346E+00
2.327919E-02	1.109317E+00	1.160480E+00	3.071903E+00
2.348521E-02	1.127835E+00	1.165080E+00	3.121635E+00
2.369123E-02	1.142815E+00	1.165588E+00	3.174004E+00
2.389726E-02	1.153960E+00	1.161941E+00	3.228428E+00
2.410328E-02	1.161068E+00	1.154190E+00	3.284286E+00
2.430930E-02	1.164031E+00	1.142505E+00	3.340929E+00
2.451533E-02	1.162842E+00	1.127162E+00	3.397686E+00
2.472135E-02	1.157589E+00	1.108543E+00	3.453876E+00
2.492737E-02	1.148457E+00	1.087122E+00	3.508814E+00
2.513340E-02	1.135720E+00	1.063452E+00	3.561825E+00
2.533942E-02	1.119738E+00	1.038155E+00	3.612254E+00
2.554544E-02	1.100947E+00	1.011901E+00	3.659472E+00
2.575147E-02	1.079846E+00	9.853963E-01	3.702892E+00
2.595749E-02	1.056990E+00	9.593599E-01	3.741973E+00
2.616352E-02	1.032975E+00	9.345083E-01	3.776235E+00
2.636954E-02	1.008421E+00	9.115350E-01	3.805263E+00
2.657556E-02	9.839638E-01	8.910918E-01	3.828717E+00
2.678159E-02	9.602333E-01	8.737706E-01	3.846339E+00
2.698761E-02	9.378416E-01	8.600865E-01	3.857959E+00
2.719363E-02	9.173675E-01	8.504620E-01	3.863497E+00
2.739966E-02	8.993412E-01	8.452135E-01	3.862971E+00
2.760568E-02	8.842314E-01	8.445400E-01	3.856494E+00
2.781170E-02	8.724326E-01	8.485149E-01	3.844279E+00
2.801773E-02	8.642543E-01	8.570799E-01	3.826632E+00
2.822375E-02	8.599123E-01	8.700434E-01	3.803956E+00
2.842977E-02	8.595217E-01	8.870810E-01	3.776741E+00
2.863580E-02	8.630921E-01	9.077410E-01	3.745561E+00
2.884182E-02	8.705263E-01	9.314524E-01	3.711064E+00
2.904785E-02	8.816204E-01	9.575370E-01	3.673966E+00
2.925387E-02	8.960674E-01	9.852251E-01	3.635036E+00
2.945989E-02	9.134636E-01	1.013674E+00	3.595088E+00
2.966592E-02	9.333169E-01	1.041990E+00	3.554968E+00
2.987194E-02	9.550588E-01	1.069252E+00	3.515535E+00
3.007796E-02	9.780582E-01	1.094538E+00	3.477652E+00
3.028399E-02	1.001637E+00	1.116957E+00	3.442166E+00
3.049001E-02	1.025088E+00	1.135668E+00	3.409896E+00
3.069603E-02	1.047697E+00	1.149921E+00	3.381615E+00
3.090206E-02	1.068757E+00	1.159074E+00	3.358033E+00
3.110808E-02	1.087598E+00	1.162630E+00	3.339784E+00
3.131410E-02	1.103599E+00	1.160252E+00	3.327412E+00
3.152013E-02	1.116217E+00	1.151793E+00	3.321355E+00
3.172615E-02	1.124998E+00	1.137305E+00	3.321938E+00
3.193218E-02	1.129603E+00	1.117059E+00	3.329357E+00
3.213820E-02	1.129817E+00	1.091544E+00	3.343675E+00
3.234422E-02	1.125564E+00	1.061476E+00	3.364816E+00
3.255025E-02	1.116916E+00	1.027783E+00	3.392558E+00
3.275627E-02	1.104095E+00	9.915967E-01	3.426541E+00
3.296229E-02	1.087477E+00	9.542268E-01	3.466260E+00
3.316832E-02	1.067583E+00	9.171343E-01	3.511078E+00
3.337434E-02	1.045071E+00	8.818917E-01	3.560231E+00
3.358036E-02	1.020723E+00	8.501406E-01	3.612843E+00
3.378639E-02	9.954164E-01	8.235368E-01	3.667940E+00
3.399241E-02	9.701070E-01	8.036959E-01	3.724472E+00
3.419843E-02	9.457925E-01	7.921285E-01	3.781330E+00
3.440446E-02	9.234798E-01	7.901784E-01	3.837375E+00
3.461048E-02	9.041457E-01	7.989515E-01	3.891464E+00
3.481651E-02	8.886953E-01	8.192550E-01	3.942481E+00
3.502253E-02	8.779226E-01	8.515325E-01	3.989363E+00
3.522855E-02	8.724654E-01	8.958088E-01	4.031138E+00
3.543458E-02	8.727666E-01	9.516445E-01	4.066953E+00
3.564060E-02	8.790383E-01	1.018100E+00	4.096107E+00
3.584662E-02	8.912293E-01	1.093722E+00	4.118082E+00
3.605265E-02	9.090042E-01	1.176538E+00	4.132566E+00
3.625867E-02	9.317301E-01	1.264084E+00	4.139483E+00
3.646469E-02	9.584753E-01	1.353454E+00	4.139009E+00
3.667072E-02	9.880237E-01	1.441378E+00	4.131582E+00
3.687674E-02	1.018904E+00	1.524322E+00	4.117917E+00
3.708276E-02	1.049438E+00	1.598635E+00	4.098994E+00
3.728879E-02	1.077807E+00	1.660712E+00	4.076053E+00
3.749481E-02	1.102140E+00	1.707197E+00	4.050568E+00
3.770084E-02	1.120613E+00	1.735199E+00	4.024215E+00
3.790686E-02	1.131576E+00	1.742543E+00	3.998821E+00
3.811288E-02	1.133685E+00	1.728019E+00	3.976308E+00
3.831891E-02	1.126054E+00	1.691634E+00	3.958612E+00
3.852493E-02	1.108392E+00	1.634851E+00	3.947598E+00
3.873095E-02	1.081158E+00	1.560778E+00	3.944955E+00
3.893698E-02	1.045667E+00	1.474297E+00	3.952075E+00
3.914300E-02	1.004189E+00	1.382093E+00	3.969925E+00
3.934902E-02	9.599660E-01	1.292538E+00	3.998906E+00
3.955505E-02	9.171709E-01	1.215389E+00	4.038700E+00
3.976107E-02	8.807372E-01	1.161218E+00	4.088114E+00
3.996709E-02	8.560475E-01	1.140543E+00	4.144930E+00
4.017312E-02	8.484225E-01	1.162529E+00	4.205746E+00
4.037914E-02	8.623725E-01	1.233182E+00	4.265843E+00
4.058517E-02	9.005215E-01	1.352931E+00	4.319065E+00
4.079119E-02	9.621669E-01	1.513433E+00	4.357730E+00
4.099721E-02	1.041355E+00	1.693475E+00	4.372589E+00
4.120324E-02	1.124393E+00	1.853767E+00	4.352836E+00
4.140926E-02	1.186674E+00	1.930444E+00	4.286198E+00
4.161528E-02	1.188682E+00	1.827029E+00	4.159119E+00
4.182131E-02	1.071047E+00	1.404583E+00	3.957060E+00
4.202733E-02	7.484296E-01	4.697656E-01	3.664941E+00
