         time	  rf_minus_rp
5.000686E-04	-1.000000E+00
6.357470E-04	-1.000000E+00
7.714254E-04	-1.000000E+00
9.071038E-04	-1.000000E+00
1.042782E-03	-1.000000E+00
1.178461E-03	-1.000000E+00
1.314139E-03	-1.000000E+00
1.449817E-03	-1.000000E+00
1.585496E-03	-1.000000E+00
1.721174E-03	-1.000000E+00
1.856853E-03	-1.000000E+00
1.992531E-03	-1.000000E+00
2.128209E-03	-1.000000E+00
2.263888E-03	-1.000000E+00
2.399566E-03	-1.000000E+00
2.535245E-03	-1.000000E+00
2.670923E-03	-1.000000E+00
2.806601E-03	-1.000000E+00
2.942280E-03	-1.000000E+00
3.077958E-03	-1.000000E+00
3.213637E-03	-1.000000E+00
3.349315E-03	-1.000000E+00
3.484993E-03	-1.000000E+00
3.620672E-03	-1.000000E+00
3.756350E-03	-1.000000E+00
3.892029E-03	-1.000000E+00
4.027707E-03	-1.000000E+00
4.163385E-03	-1.000000E+00
4.299064E-03	2.256176E+00
4.434742E-03	2.470617E+00
4.570421E-03	2.668141E+00
4.706099E-03	2.847104E+00
4.841777E-03	3.006547E+00
4.977456E-03	3.146156E+00
5.113134E-03	3.266209E+00
5.248813E-03	3.367511E+00
5.384491E-03	3.451323E+00
5.520169E-03	3.519278E+00
5.655848E-03	3.573299E+00
5.791526E-03	3.615516E+00
5.927205E-03	3.648178E+00
6.062883E-03	3.673580E+00
6.198561E-03	3.693987E+00
6.334240E-03	3.711565E+00
6.469918E-03	3.728325E+00
6.605597E-03	3.746069E+00
6.741275E-03	3.766351E+00
6.876953E-03	3.790442E+00
7.012632E-03	3.819311E+00
7.148310E-03	3.853605E+00
7.283989E-03	3.893650E+00
7.419667E-03	3.939451E+00
7.555345E-03	3.990704E+00
7.691024E-03	4.046812E+00
7.826702E-03	4.106910E+00
7.962381E-03	4.169897E+00
8.098059E-03	4.234462E+00
8.233737E-03	4.299128E+00
8.369416E-03	4.362286E+00
8.505094E-03	4.422235E+00
8.640773E-03	4.477226E+00
8.776451E-03	4.525501E+00
8.912129E-03	4.565330E+00
9.047808E-03	4.595052E+00
9.183486E-03	4.613105E+00
9.319165E-03	4.618064E+00
9.454843E-03	4.608664E+00
9.590521E-03	4.583828E+00
9.726200E-03	4.542686E+00
9.861878E-03	4.484590E+00
9.997557E-03	4.409127E+00
1.013323E-02	4.316127E+00
1.026891E-02	4.205661E+00
1.040459E-02	4.078043E+00
1.054027E-02	3.933823E+00
1.067595E-02	3.773777E+00
1.081163E-02	3.598893E+00
1.094731E-02	3.410353E+00
1.108298E-02	3.209516E+00
1.121866E-02	2.997893E+00
1.135434E-02	2.777124E+00
1.149002E-02	2.548953E+00
1.162570E-02	2.315199E+00
1.176138E-02	2.077731E+00
1.189705E-02	1.838439E+00
1.203273E-02	1.599205E+00
1.216841E-02	1.361882E+00
1.230409E-02	1.128261E+00
1.243977E-02	9.000538E-01
1.257545E-02	6.788676E-01
1.271112E-02	4.661858E-01
1.284680E-02	2.633504E-01
1.298248E-02	7.154744E-02
1.311816E-02	-1.000000E+00
1.325384E-02	-1.000000E+00
1.338952E-02	-1.000000E+00
1.352519E-02	-1.000000E+00
1.366087E-02	-1.000000E+00
1.379655E-02	-1.000000E+00
1.393223E-02	-1.000000E+00
1.406791E-02	-1.000000E+00
1.420359E-02	-1.000000E+00
1.433927E-02	-1.000000E+00
1.447494E-02	-1.000000E+00
1.461062E-02	-1.000000E+00
1.474630E-02	-1.000000E+00
1.488198E-02	-1.000000E+00
1.501766E-02	-1.000000E+00
1.515334E-02	-1.000000E+00
1.528901E-02	-1.000000E+00
1.542469E-02	-1.000000E+00
1.556037E-02	-1.000000E+00
1.569605E-02	-1.000000E+00
1.583173E-02	-1.000000E+00
1.596741E-02	-1.000000E+00
1.610308E-02	-1.000000E+00
1.623876E-02	-1.000000E+00
1.637444E-02	-1.000000E+00
1.651012E-02	-1.000000E+00
1.664580E-02	-1.000000E+00
1.678148E-02	-1.000000E+00
1.691715E-02	-1.000000E+00
1.705283E-02	-1.000000E+00
1.718851E-02	-1.000000E+00
1.732419E-02	-1.000000E+00
1.745987E-02	-1.000000E+00
1.759555E-02	-1.000000E+00
1.773123E-02	-1.000000E+00
1.786690E-02	-1.000000E+00
1.800258E-02	-1.000000E+00
1.813826E-02	-1.000000E+00
1.827394E-02	-1.000000E+00
1.840962E-02	-1.000000E+00
1.854530E-02	-1.000000E+00
1.868097E-02	-1.000000E+00
1.881665E-02	-1.000000E+00
1.895233E-02	-1.000000E+00
1.908801E-02	-1.000000E+00
1.922369E-02	-1.000000E+00
1.935937E-02	-1.000000E+00
1.949504E-02	-1.000000E+00
1.963072E-02	-1.000000E+00
1.976640E-02	-1.000000E+00
1.990208E-02	-1.000000E+00
2.003776E-02	-1.000000E+00
2.017344E-02	-1.000000E+00
2.030911E-02	-1.000000E+00
2.044479E-02	-1.000000E+00
2.058047E-02	-1.000000E+00
2.071615E-02	-1.000000E+00
2.085183E-02	-1.000000E+00
2.098751E-02	-1.000000E+00
2.112319E-02	-1.000000E+00
2.125886E-02	-1.000000E+00
2.139454E-02	-1.000000E+00
2.153022E-02	-1.000000E+00
2.166590E-02	-1.000000E+00
2.180158E-02	-1.000000E+00
2.193726E-02	-1.000000E+00
2.207293E-02	-1.000000E+00
2.220861E-02	-1.000000E+00
2.234429E-02	-1.000000E+00
2.247997E-02	-1.000000E+00
2.261565E-02	-1.000000E+00
2.275133E-02	-1.000000E+00
2.288700E-02	-1.000000E+00
2.302268E-02	-1.000000E+00
2.315836E-02	-1.000000E+00
2.329404E-02	-1.000000E+00
2.342972E-02	-1.000000E+00
2.356540E-02	-1.000000E+00
2.370107E-02	-1.000000E+00
2.383675E-02	-1.000000E+00
2.397243E-02	-1.000000E+00
2.410811E-02	-1.000000E+00
2.424379E-02	-1.000000E+00
2.437947E-02	-1.000000E+00
2.451515E-02	-1.000000E+00
2.465082E-02	-1.000000E+00
2.478650E-02	-1.000000E+00
2.492218E-02	-1.000000E+00
2.505786E-02	-1.000000E+00
2.519354E-02	-1.000000E+00
2.532922E-02	-1.000000E+00
2.546489E-02	-1.000000E+00
2.560057E-02	-1.000000E+00
2.573625E-02	-1.000000E+00
2.587193E-02	-1.000000E+00
2.600761E-02	-1.000000E+00
2.614329E-02	-1.000000E+00
2.627896E-02	-1.000000E+00
2.641464E-02	-1.000000E+00
2.655032E-02	-1.000000E+00
2.668600E-02	-1.000000E+00
2.682168E-02	-1.000000E+00
2.695736E-02	-1.000000E+00
2.709303E-02	-1.000000E+00
2.722871E-02	-1.000000E+00
2.736439E-02	-1.000000E+00
2.750007E-02	-1.000000E+00
