time	rfrp
5.204518E-04	0.000000E+00
6.762125E-04	0.000000E+00
8.319732E-04	0.000000E+00
9.877339E-04	0.000000E+00
1.143495E-03	0.000000E+00
1.299255E-03	0.000000E+00
1.455016E-03	0.000000E+00
1.610777E-03	0.000000E+00
1.766537E-03	0.000000E+00
1.922298E-03	0.000000E+00
2.078059E-03	0.000000E+00
2.233819E-03	0.000000E+00
2.389580E-03	0.000000E+00
2.545341E-03	0.000000E+00
2.701102E-03	0.000000E+00
2.856862E-03	0.000000E+00
3.012623E-03	0.000000E+00
3.168384E-03	0.000000E+00
3.324144E-03	0.000000E+00
3.479905E-03	0.000000E+00
3.635666E-03	0.000000E+00
3.791426E-03	0.000000E+00
3.947187E-03	0.000000E+00
4.102948E-03	0.000000E+00
4.258708E-03	0.000000E+00
4.414469E-03	0.000000E+00
4.570230E-03	-8.669688E-02
4.725991E-03	-1.816843E-02
4.881751E-03	6.323791E-02
5.037512E-03	1.559238E-01
5.193273E-03	2.579862E-01
5.349033E-03	3.672859E-01
5.504794E-03	4.815173E-01
5.660555E-03	5.982777E-01
5.816315E-03	7.151342E-01
5.972076E-03	8.296872E-01
6.127837E-03	9.396285E-01
6.283597E-03	1.042794E+00
6.439358E-03	1.137208E+00
6.595119E-03	1.221125E+00
6.750880E-03	1.293057E+00
6.906640E-03	1.351801E+00
7.062401E-03	1.396451E+00
7.218162E-03	1.426412E+00
7.373922E-03	1.441395E+00
7.529683E-03	1.441418E+00
7.685444E-03	1.426792E+00
7.841204E-03	1.398106E+00
7.996965E-03	1.356203E+00
8.152726E-03	1.302160E+00
8.308487E-03	1.237254E+00
8.464247E-03	1.162933E+00
8.620008E-03	1.080785E+00
8.775769E-03	9.924988E-01
8.931529E-03	8.998329E-01
9.087290E-03	8.045797E-01
9.243051E-03	7.085320E-01
9.398811E-03	6.134498E-01
9.554572E-03	5.210306E-01
9.710333E-03	4.328801E-01
9.866093E-03	3.504876E-01
1.002185E-02	2.752026E-01
1.017761E-02	2.082157E-01
1.033338E-02	1.505427E-01
1.048914E-02	1.030124E-01
1.064490E-02	6.625756E-02
1.080066E-02	4.070999E-02
1.095642E-02	2.659887E-02
1.111218E-02	2.395264E-02
1.126794E-02	3.260412E-02
1.142370E-02	5.219865E-02
1.157946E-02	8.220514E-02
1.173522E-02	1.219295E-01
1.189098E-02	1.705305E-01
1.204674E-02	2.270372E-01
1.220250E-02	2.903683E-01
1.235826E-02	3.593527E-01
1.251403E-02	4.327501E-01
1.266979E-02	5.092733E-01
1.282555E-02	5.876096E-01
1.298131E-02	6.664426E-01
1.313707E-02	7.444731E-01
1.329283E-02	8.204390E-01
1.344859E-02	8.931350E-01
1.360435E-02	9.614293E-01
1.376011E-02	1.024280E+00
1.391587E-02	1.080750E+00
1.407163E-02	1.130017E+00
1.422739E-02	1.171386E+00
1.438315E-02	1.204295E+00
1.453891E-02	1.228321E+00
1.469467E-02	1.243185E+00
1.485044E-02	1.248749E+00
1.500620E-02	1.245019E+00
1.516196E-02	1.232138E+00
1.531772E-02	1.210380E+00
1.547348E-02	1.180148E+00
1.562924E-02	1.141956E+00
1.578500E-02	1.096426E+00
1.594076E-02	1.044270E+00
1.609652E-02	9.862786E-01
1.625228E-02	9.233084E-01
1.640804E-02	8.562637E-01
1.656380E-02	7.860825E-01
1.671956E-02	7.137207E-01
1.687532E-02	6.401365E-01
1.703109E-02	5.662750E-01
1.718685E-02	4.930533E-01
1.734261E-02	4.213468E-01
1.749837E-02	3.519764E-01
1.765413E-02	2.856962E-01
1.780989E-02	2.231839E-01
1.796565E-02	1.650312E-01
1.812141E-02	1.117374E-01
1.827717E-02	6.370316E-02
1.843293E-02	2.122738E-02
1.858869E-02	-1.549485E-02
1.874445E-02	-4.637217E-02
1.890021E-02	-7.141509E-02
1.905597E-02	-9.073243E-02
1.921174E-02	-1.045260E-01
1.936750E-02	-1.130836E-01
1.952326E-02	-1.167710E-01
1.967902E-02	-1.160222E-01
1.983478E-02	-1.113288E-01
1.999054E-02	-1.032284E-01
2.014630E-02	-9.229271E-02
2.030206E-02	-7.911460E-02
2.045782E-02	-6.429552E-02
2.061358E-02	-4.843277E-02
2.076934E-02	-3.210705E-02
2.092510E-02	-1.587064E-02
2.108086E-02	-2.363537E-04
2.123662E-02	1.433246E-02
2.139238E-02	2.743079E-02
2.154815E-02	3.871927E-02
2.170391E-02	4.793005E-02
2.185967E-02	5.487095E-02
2.201543E-02	5.942766E-02
2.217119E-02	6.156432E-02
2.232695E-02	6.132202E-02
2.248271E-02	5.881538E-02
2.263847E-02	5.422761E-02
2.279423E-02	4.780342E-02
2.294999E-02	3.984069E-02
2.310575E-02	3.068048E-02
2.326151E-02	2.069609E-02
2.341727E-02	1.028088E-02
2.357303E-02	-1.641643E-04
2.372880E-02	-1.024372E-02
2.388456E-02	-1.958082E-02
2.404032E-02	-2.782959E-02
2.419608E-02	-3.468711E-02
2.435184E-02	-3.990426E-02
2.450760E-02	-4.329486E-02
2.466336E-02	-4.474330E-02
2.481912E-02	-4.420989E-02
2.497488E-02	-4.173357E-02
2.513064E-02	-3.743261E-02
2.528640E-02	-3.150190E-02
2.544216E-02	-2.420740E-02
2.559792E-02	-1.587798E-02
2.575368E-02	-6.894319E-03
2.590944E-02	2.325273E-03
2.606521E-02	1.134097E-02
2.622097E-02	1.970953E-02
2.637673E-02	2.700441E-02
2.653249E-02	3.283600E-02
2.668825E-02	3.687241E-02
2.684401E-02	3.885956E-02
2.699977E-02	3.863898E-02
2.715553E-02	3.616378E-02
2.731129E-02	3.150979E-02
2.746705E-02	2.488266E-02
2.762281E-02	1.661802E-02
2.777857E-02	7.175690E-03
2.793433E-02	-2.875152E-03
2.809009E-02	-1.287822E-02
2.824586E-02	-2.212252E-02
2.840162E-02	-2.988268E-02
2.855738E-02	-3.546850E-02
2.871314E-02	-3.828109E-02
2.886890E-02	-3.787439E-02
2.902466E-02	-3.401882E-02
2.918042E-02	-2.676394E-02
2.933618E-02	-1.649181E-02
2.949194E-02	-3.956058E-03
2.964770E-02	9.702883E-03
2.980346E-02	2.297865E-02
2.995922E-02	3.407150E-02
3.011498E-02	4.102661E-02
3.027074E-02	4.196283E-02
3.042651E-02	3.541412E-02
3.058227E-02	2.081558E-02
3.073803E-02	-8.322605E-04
3.089379E-02	-2.608106E-02
3.104955E-02	-4.788472E-02
3.120531E-02	-5.412874E-02
3.136107E-02	-2.577339E-02
3.151683E-02	6.545506E-02
