time	rfrp
5.211668E-04	0.000000E+00
7.423154E-04	0.000000E+00
9.634639E-04	0.000000E+00
1.184612E-03	0.000000E+00
1.405761E-03	0.000000E+00
1.626910E-03	0.000000E+00
1.848058E-03	0.000000E+00
2.069207E-03	0.000000E+00
2.290355E-03	0.000000E+00
2.511504E-03	0.000000E+00
2.732652E-03	0.000000E+00
2.953801E-03	0.000000E+00
3.174950E-03	0.000000E+00
3.396098E-03	0.000000E+00
3.617247E-03	0.000000E+00
3.838395E-03	0.000000E+00
4.059544E-03	0.000000E+00
4.280692E-03	0.000000E+00
4.501841E-03	0.000000E+00
4.722989E-03	0.000000E+00
4.944138E-03	0.000000E+00
5.165287E-03	0.000000E+00
5.386435E-03	0.000000E+00
5.607584E-03	0.000000E+00
5.828732E-03	0.000000E+00
6.049881E-03	0.000000E+00
6.271029E-03	0.000000E+00
6.492178E-03	0.000000E+00
6.713326E-03	0.000000E+00
6.934475E-03	0.000000E+00
7.155624E-03	0.000000E+00
7.376772E-03	0.000000E+00
7.597921E-03	0.000000E+00
7.819069E-03	0.000000E+00
8.040218E-03	0.000000E+00
8.261366E-03	0.000000E+00
8.482515E-03	0.000000E+00
8.703663E-03	0.000000E+00
8.924812E-03	0.000000E+00
9.145961E-03	0.000000E+00
9.367109E-03	0.000000E+00
9.588258E-03	0.000000E+00
9.809406E-03	0.000000E+00
1.003055E-02	0.000000E+00
1.025170E-02	0.000000E+00
1.047285E-02	0.000000E+00
1.069400E-02	0.000000E+00
1.091515E-02	0.000000E+00
1.113630E-02	0.000000E+00
1.135745E-02	0.000000E+00
1.157859E-02	0.000000E+00
1.179974E-02	0.000000E+00
1.202089E-02	2.150449E+00
1.224204E-02	2.170555E+00
1.246319E-02	2.170112E+00
1.268434E-02	2.151276E+00
1.290549E-02	2.116656E+00
1.312663E-02	2.069238E+00
1.334778E-02	2.012299E+00
1.356893E-02	1.949320E+00
1.379008E-02	1.883893E+00
1.401123E-02	1.819638E+00
1.423238E-02	1.760114E+00
1.445353E-02	1.708740E+00
1.467467E-02	1.668720E+00
1.489582E-02	1.642974E+00
1.511697E-02	1.634080E+00
1.533812E-02	1.644226E+00
1.555927E-02	1.675166E+00
1.578042E-02	1.728193E+00
1.600157E-02	1.804118E+00
1.622271E-02	1.903261E+00
1.644386E-02	2.025454E+00
1.666501E-02	2.170046E+00
1.688616E-02	2.335932E+00
1.710731E-02	2.521572E+00
1.732846E-02	2.725032E+00
1.754961E-02	2.944029E+00
1.777075E-02	3.175974E+00
1.799190E-02	3.418027E+00
1.821305E-02	3.667156E+00
1.843420E-02	3.920195E+00
1.865535E-02	4.173902E+00
1.887650E-02	4.425021E+00
1.909765E-02	4.670340E+00
1.931879E-02	4.906750E+00
1.953994E-02	5.131297E+00
1.976109E-02	5.341233E+00
1.998224E-02	5.534060E+00
2.020339E-02	5.707571E+00
2.042454E-02	5.859884E+00
2.064569E-02	5.989465E+00
2.086683E-02	6.095154E+00
2.108798E-02	6.176174E+00
2.130913E-02	6.232138E+00
2.153028E-02	6.263048E+00
2.175143E-02	6.269286E+00
2.197258E-02	6.251600E+00
2.219373E-02	6.211081E+00
2.241487E-02	6.149138E+00
2.263602E-02	6.067463E+00
2.285717E-02	5.967997E+00
2.307832E-02	5.852885E+00
2.329947E-02	5.724438E+00
2.352062E-02	5.585078E+00
2.374177E-02	5.437302E+00
2.396291E-02	5.283622E+00
2.418406E-02	5.126528E+00
2.440521E-02	4.968433E+00
2.462636E-02	4.811635E+00
2.484751E-02	4.658273E+00
2.506866E-02	4.510288E+00
2.528981E-02	4.369394E+00
2.551095E-02	4.237047E+00
2.573210E-02	4.114419E+00
2.595325E-02	4.002388E+00
2.617440E-02	3.901521E+00
2.639555E-02	3.812072E+00
2.661670E-02	3.733983E+00
2.683785E-02	3.666894E+00
2.705899E-02	3.610154E+00
2.728014E-02	3.562845E+00
2.750129E-02	3.523804E+00
2.772244E-02	3.491658E+00
2.794359E-02	3.464856E+00
2.816474E-02	3.441710E+00
2.838589E-02	3.420436E+00
2.860703E-02	3.399201E+00
2.882818E-02	3.376162E+00
2.904933E-02	3.349520E+00
2.927048E-02	3.317559E+00
2.949163E-02	3.278691E+00
2.971278E-02	3.231501E+00
2.993393E-02	3.174778E+00
3.015507E-02	3.107552E+00
3.037622E-02	3.029120E+00
3.059737E-02	2.939069E+00
3.081852E-02	2.837293E+00
3.103967E-02	2.723996E+00
3.126082E-02	2.599699E+00
3.148197E-02	2.465230E+00
3.170311E-02	2.321707E+00
3.192426E-02	2.170521E+00
3.214541E-02	2.013304E+00
3.236656E-02	1.851893E+00
3.258771E-02	1.688283E+00
3.280886E-02	1.524589E+00
3.303000E-02	1.362983E+00
3.325115E-02	1.205644E+00
3.347230E-02	1.054698E+00
3.369345E-02	9.121620E-01
3.391460E-02	7.798839E-01
3.413575E-02	6.594888E-01
3.435690E-02	5.523284E-01
3.457804E-02	4.594355E-01
3.479919E-02	3.814868E-01
3.502034E-02	3.187740E-01
3.524149E-02	2.711852E-01
3.546264E-02	2.381985E-01
3.568379E-02	2.188873E-01
3.590494E-02	2.119397E-01
3.612608E-02	2.156878E-01
3.634723E-02	2.281590E-01
3.656838E-02	2.471300E-01
3.678953E-02	2.702008E-01
3.701068E-02	2.948771E-01
3.723183E-02	3.186592E-01
3.745298E-02	3.391426E-01
3.767412E-02	3.541178E-01
3.789527E-02	3.616699E-01
3.811642E-02	3.602800E-01
3.833757E-02	3.489072E-01
3.855872E-02	3.270718E-01
3.877987E-02	2.949040E-01
3.900102E-02	2.531839E-01
3.922216E-02	2.033405E-01
3.944331E-02	1.474229E-01
3.966446E-02	8.804129E-02
3.988561E-02	2.825059E-02
4.010676E-02	-2.859619E-02
4.032791E-02	-7.903520E-02
4.054906E-02	-1.197257E-01
4.077020E-02	-1.477145E-01
4.099135E-02	-1.607202E-01
4.121250E-02	-1.574383E-01
4.143365E-02	-1.378136E-01
4.165480E-02	-1.033038E-01
4.187595E-02	-5.704223E-02
4.209710E-02	-3.901611E-03
4.231824E-02	4.963192E-02
4.253939E-02	9.580368E-02
4.276054E-02	1.262996E-01
4.298169E-02	1.333451E-01
4.320284E-02	1.113761E-01
4.342399E-02	5.939028E-02
4.364514E-02	-1.583253E-02
4.386628E-02	-9.547059E-02
4.408743E-02	-1.431032E-01
4.430858E-02	-9.760528E-02
4.452973E-02	1.357784E-01
