time	rfrp
5.207561E-04	0.000000E+00
7.593509E-04	0.000000E+00
9.979458E-04	0.000000E+00
1.236541E-03	0.000000E+00
1.475135E-03	0.000000E+00
1.713730E-03	0.000000E+00
1.952325E-03	0.000000E+00
2.190920E-03	0.000000E+00
2.429515E-03	0.000000E+00
2.668110E-03	0.000000E+00
2.906705E-03	0.000000E+00
3.145299E-03	0.000000E+00
3.383894E-03	0.000000E+00
3.622489E-03	0.000000E+00
3.861084E-03	0.000000E+00
4.099679E-03	0.000000E+00
4.338274E-03	0.000000E+00
4.576868E-03	0.000000E+00
4.815463E-03	0.000000E+00
5.054058E-03	0.000000E+00
5.292653E-03	0.000000E+00
5.531248E-03	0.000000E+00
5.769843E-03	0.000000E+00
6.008438E-03	0.000000E+00
6.247032E-03	0.000000E+00
6.485627E-03	0.000000E+00
6.724222E-03	0.000000E+00
6.962817E-03	0.000000E+00
7.201412E-03	0.000000E+00
7.440007E-03	0.000000E+00
7.678601E-03	0.000000E+00
7.917196E-03	0.000000E+00
8.155791E-03	0.000000E+00
8.394386E-03	-3.395001E-01
8.632981E-03	-2.119087E-01
8.871576E-03	-5.463512E-02
9.110170E-03	1.294489E-01
9.348765E-03	3.368057E-01
9.587360E-03	5.633721E-01
9.825955E-03	8.047033E-01
1.006455E-02	1.056116E+00
1.030314E-02	1.312824E+00
1.054174E-02	1.570074E+00
1.078033E-02	1.823255E+00
1.101893E-02	2.068014E+00
1.125752E-02	2.300341E+00
1.149612E-02	2.516649E+00
1.173471E-02	2.713832E+00
1.197331E-02	2.889309E+00
1.221190E-02	3.041055E+00
1.245050E-02	3.167611E+00
1.268909E-02	3.268086E+00
1.292769E-02	3.342141E+00
1.316628E-02	3.389964E+00
1.340488E-02	3.412236E+00
1.364347E-02	3.410085E+00
1.388207E-02	3.385034E+00
1.412066E-02	3.338950E+00
1.435926E-02	3.273977E+00
1.459785E-02	3.192480E+00
1.483645E-02	3.096979E+00
1.507504E-02	2.990090E+00
1.531364E-02	2.874464E+00
1.555223E-02	2.752731E+00
1.579083E-02	2.627451E+00
1.602942E-02	2.501063E+00
1.626802E-02	2.375846E+00
1.650661E-02	2.253887E+00
1.674521E-02	2.137049E+00
1.698380E-02	2.026949E+00
1.722240E-02	1.924948E+00
1.746099E-02	1.832139E+00
1.769958E-02	1.749348E+00
1.793818E-02	1.677135E+00
1.817677E-02	1.615807E+00
1.841537E-02	1.565432E+00
1.865396E-02	1.525857E+00
1.889256E-02	1.496734E+00
1.913115E-02	1.477543E+00
1.936975E-02	1.467622E+00
1.960834E-02	1.466196E+00
1.984694E-02	1.472407E+00
2.008553E-02	1.485345E+00
2.032413E-02	1.504077E+00
2.056272E-02	1.527676E+00
2.080132E-02	1.555248E+00
2.103991E-02	1.585953E+00
2.127851E-02	1.619029E+00
2.151710E-02	1.653807E+00
2.175570E-02	1.689725E+00
2.199429E-02	1.726341E+00
2.223289E-02	1.763336E+00
2.247148E-02	1.800515E+00
2.271008E-02	1.837809E+00
2.294867E-02	1.875266E+00
2.318727E-02	1.913041E+00
2.342586E-02	1.951388E+00
2.366446E-02	1.990638E+00
2.390305E-02	2.031185E+00
2.414165E-02	2.073466E+00
2.438024E-02	2.117937E+00
2.461884E-02	2.165050E+00
2.485743E-02	2.215233E+00
2.509603E-02	2.268864E+00
2.533462E-02	2.326250E+00
2.557321E-02	2.387607E+00
2.581181E-02	2.453038E+00
2.605040E-02	2.522521E+00
2.628900E-02	2.595888E+00
2.652759E-02	2.672823E+00
2.676619E-02	2.752848E+00
2.700478E-02	2.835322E+00
2.724338E-02	2.919443E+00
2.748197E-02	3.004253E+00
2.772057E-02	3.088646E+00
2.795916E-02	3.171379E+00
2.819776E-02	3.251096E+00
2.843635E-02	3.326345E+00
2.867495E-02	3.395601E+00
2.891354E-02	3.457298E+00
2.915214E-02	3.509858E+00
2.939073E-02	3.551721E+00
2.962933E-02	3.581383E+00
2.986792E-02	3.597428E+00
3.010652E-02	3.598561E+00
3.034511E-02	3.583649E+00
3.058371E-02	3.551744E+00
3.082230E-02	3.502121E+00
3.106090E-02	3.434301E+00
3.129949E-02	3.348077E+00
3.153809E-02	3.243530E+00
3.177668E-02	3.121046E+00
3.201528E-02	2.981324E+00
3.225387E-02	2.825376E+00
3.249247E-02	2.654523E+00
3.273106E-02	2.470389E+00
3.296965E-02	2.274874E+00
3.320825E-02	2.070139E+00
3.344684E-02	1.858565E+00
3.368544E-02	1.642723E+00
3.392403E-02	1.425325E+00
3.416263E-02	1.209177E+00
3.440122E-02	9.971253E-01
3.463982E-02	7.919960E-01
3.487841E-02	5.965393E-01
3.511701E-02	4.133662E-01
3.535560E-02	2.448881E-01
3.559420E-02	9.325552E-02
3.583279E-02	-3.969539E-02
3.607139E-02	-1.524976E-01
3.630998E-02	-2.440973E-01
3.654858E-02	-3.138927E-01
3.678717E-02	-3.617620E-01
3.702577E-02	-3.880823E-01
3.726436E-02	-3.937349E-01
3.750296E-02	-3.800994E-01
3.774155E-02	-3.490319E-01
3.798015E-02	-3.028307E-01
3.821874E-02	-2.441853E-01
3.845734E-02	-1.761138E-01
3.869593E-02	-1.018848E-01
3.893453E-02	-2.492386E-02
3.917312E-02	5.128474E-02
3.941172E-02	1.233123E-01
3.965031E-02	1.879017E-01
3.988891E-02	2.420878E-01
4.012750E-02	2.833203E-01
4.036610E-02	3.095774E-01
4.060469E-02	3.194725E-01
4.084328E-02	3.123452E-01
4.108188E-02	2.883349E-01
4.132047E-02	2.484239E-01
4.155907E-02	1.944538E-01
4.179766E-02	1.291038E-01
4.203626E-02	5.582510E-02
4.227485E-02	-2.126621E-02
4.251345E-02	-9.754525E-02
4.275204E-02	-1.680928E-01
4.299064E-02	-2.279459E-01
4.322923E-02	-2.724000E-01
4.346783E-02	-2.973573E-01
4.370642E-02	-2.996882E-01
4.394502E-02	-2.776227E-01
4.418361E-02	-2.311117E-01
4.442221E-02	-1.621669E-01
4.466080E-02	-7.510950E-02
4.489940E-02	2.328986E-02
4.513799E-02	1.238754E-01
4.537659E-02	2.154050E-01
4.561518E-02	2.852134E-01
4.585378E-02	3.203056E-01
4.609237E-02	3.090380E-01
4.633097E-02	2.435075E-01
4.656956E-02	1.228529E-01
4.680816E-02	-4.237584E-02
4.704675E-02	-2.244855E-01
4.728535E-02	-3.713603E-01
4.752394E-02	-3.972101E-01
4.776254E-02	-1.711275E-01
4.800113E-02	4.970789E-01
