time	tmin_flame	tmid_flame	tmax_flame
5.207621E-04	0.000000E+00	0.000000E+00	0.000000E+00
7.518197E-04	0.000000E+00	0.000000E+00	0.000000E+00
9.828774E-04	0.000000E+00	0.000000E+00	0.000000E+00
1.213935E-03	0.000000E+00	0.000000E+00	0.000000E+00
1.444993E-03	0.000000E+00	0.000000E+00	0.000000E+00
1.676050E-03	0.000000E+00	0.000000E+00	0.000000E+00
1.907108E-03	0.000000E+00	0.000000E+00	0.000000E+00
2.138165E-03	0.000000E+00	0.000000E+00	0.000000E+00
2.369223E-03	0.000000E+00	0.000000E+00	0.000000E+00
2.600281E-03	0.000000E+00	0.000000E+00	0.000000E+00
2.831338E-03	0.000000E+00	0.000000E+00	0.000000E+00
3.062396E-03	0.000000E+00	0.000000E+00	0.000000E+00
3.293454E-03	0.000000E+00	0.000000E+00	0.000000E+00
3.524511E-03	0.000000E+00	0.000000E+00	0.000000E+00
3.755569E-03	0.000000E+00	0.000000E+00	0.000000E+00
3.986627E-03	0.000000E+00	0.000000E+00	0.000000E+00
4.217684E-03	0.000000E+00	0.000000E+00	0.000000E+00
4.448742E-03	0.000000E+00	0.000000E+00	0.000000E+00
4.679799E-03	0.000000E+00	0.000000E+00	0.000000E+00
4.910857E-03	0.000000E+00	0.000000E+00	0.000000E+00
5.141915E-03	0.000000E+00	0.000000E+00	0.000000E+00
5.372972E-03	0.000000E+00	0.000000E+00	0.000000E+00
5.604030E-03	0.000000E+00	0.000000E+00	0.000000E+00
5.835088E-03	0.000000E+00	0.000000E+00	0.000000E+00
6.066145E-03	0.000000E+00	0.000000E+00	0.000000E+00
6.297203E-03	0.000000E+00	0.000000E+00	0.000000E+00
6.528260E-03	0.000000E+00	0.000000E+00	0.000000E+00
6.759318E-03	0.000000E+00	0.000000E+00	0.000000E+00
6.990376E-03	0.000000E+00	0.000000E+00	0.000000E+00
7.221433E-03	0.000000E+00	0.000000E+00	0.000000E+00
7.452491E-03	0.000000E+00	0.000000E+00	0.000000E+00
7.683549E-03	0.000000E+00	0.000000E+00	0.000000E+00
7.914606E-03	0.000000E+00	0.000000E+00	0.000000E+00
8.145664E-03	0.000000E+00	0.000000E+00	0.000000E+00
8.376721E-03	0.000000E+00	0.000000E+00	0.000000E+00
8.607779E-03	1.505735E+00	1.786249E+00	2.666876E+00
8.838837E-03	1.657766E+00	1.971820E+00	2.960406E+00
9.069894E-03	1.806544E+00	2.153779E+00	3.244395E+00
9.300952E-03	1.950475E+00	2.330052E+00	3.516032E+00
9.532010E-03	2.088041E+00	2.498646E+00	3.772819E+00
9.763067E-03	2.217817E+00	2.657671E+00	4.012581E+00
9.994125E-03	2.338483E+00	2.805368E+00	4.233465E+00
1.022518E-02	2.448847E+00	2.940131E+00	4.433938E+00
1.045624E-02	2.547848E+00	3.060523E+00	4.612776E+00
1.068730E-02	2.634571E+00	3.165293E+00	4.769056E+00
1.091836E-02	2.708257E+00	3.253396E+00	4.902142E+00
1.114941E-02	2.768302E+00	3.323997E+00	5.011667E+00
1.138047E-02	2.814271E+00	3.376480E+00	5.097520E+00
1.161153E-02	2.845892E+00	3.410459E+00	5.159828E+00
1.184259E-02	2.863064E+00	3.425772E+00	5.198938E+00
1.207364E-02	2.865848E+00	3.422488E+00	5.215401E+00
1.230470E-02	2.854470E+00	3.400896E+00	5.209953E+00
1.253576E-02	2.829312E+00	3.361505E+00	5.183502E+00
1.276682E-02	2.790908E+00	3.305032E+00	5.137110E+00
1.299787E-02	2.739933E+00	3.232389E+00	5.071975E+00
1.322893E-02	2.677197E+00	3.144675E+00	4.989423E+00
1.345999E-02	2.603627E+00	3.043152E+00	4.890887E+00
1.369105E-02	2.520261E+00	2.929235E+00	4.777898E+00
1.392210E-02	2.428233E+00	2.804467E+00	4.652068E+00
1.415316E-02	2.328756E+00	2.670501E+00	4.515078E+00
1.438422E-02	2.223107E+00	2.529079E+00	4.368667E+00
1.461528E-02	2.112614E+00	2.382007E+00	4.214616E+00
1.484634E-02	1.998638E+00	2.231133E+00	4.054736E+00
1.507739E-02	1.882555E+00	2.078322E+00	3.890858E+00
1.530845E-02	1.765742E+00	1.925437E+00	3.724813E+00
1.553951E-02	1.649559E+00	1.774310E+00	3.558429E+00
1.577057E-02	1.535333E+00	1.626725E+00	3.393507E+00
1.600162E-02	1.424344E+00	1.484393E+00	3.231814E+00
1.623268E-02	1.317811E+00	1.348931E+00	3.075068E+00
1.646374E-02	1.216873E+00	1.221847E+00	2.924925E+00
1.669480E-02	1.122583E+00	1.104519E+00	2.782963E+00
1.692585E-02	1.035893E+00	9.981804E-01	2.650670E+00
1.715691E-02	9.576417E-01	9.039054E-01	2.529431E+00
1.738797E-02	8.885512E-01	8.225993E-01	2.420517E+00
1.761903E-02	8.292153E-01	7.549876E-01	2.325069E+00
1.785008E-02	7.800951E-01	7.016096E-01	2.244087E+00
1.808114E-02	7.415155E-01	6.628136E-01	2.178424E+00
1.831220E-02	7.136626E-01	6.387545E-01	2.128769E+00
1.854326E-02	6.965832E-01	6.293948E-01	2.095645E+00
1.877431E-02	6.901859E-01	6.345064E-01	2.079397E+00
1.900537E-02	6.942442E-01	6.536765E-01	2.080192E+00
1.923643E-02	7.084011E-01	6.863145E-01	2.098009E+00
1.946749E-02	7.321750E-01	7.316617E-01	2.132638E+00
1.969855E-02	7.649676E-01	7.888030E-01	2.183684E+00
1.992960E-02	8.060729E-01	8.566805E-01	2.250565E+00
2.016066E-02	8.546878E-01	9.341085E-01	2.332515E+00
2.039172E-02	9.099233E-01	1.019791E+00	2.428591E+00
2.062278E-02	9.708173E-01	1.112338E+00	2.537683E+00
2.085383E-02	1.036348E+00	1.210288E+00	2.658519E+00
2.108489E-02	1.105448E+00	1.312123E+00	2.789682E+00
2.131595E-02	1.177019E+00	1.416296E+00	2.929621E+00
2.154701E-02	1.249947E+00	1.521243E+00	3.076666E+00
2.177806E-02	1.323114E+00	1.625413E+00	3.229048E+00
2.200912E-02	1.395420E+00	1.727282E+00	3.384917E+00
2.224018E-02	1.465791E+00	1.825375E+00	3.542361E+00
2.247124E-02	1.533195E+00	1.918287E+00	3.699431E+00
2.270229E-02	1.596658E+00	2.004700E+00	3.854160E+00
2.293335E-02	1.655274E+00	2.083399E+00	4.004588E+00
2.316441E-02	1.708216E+00	2.153291E+00	4.148785E+00
2.339547E-02	1.754752E+00	2.213415E+00	4.284875E+00
2.362652E-02	1.794248E+00	2.262956E+00	4.411062E+00
2.385758E-02	1.826177E+00	2.301256E+00	4.525650E+00
2.408864E-02	1.850129E+00	2.327821E+00	4.627064E+00
2.431970E-02	1.865813E+00	2.342324E+00	4.713878E+00
2.455076E-02	1.873060E+00	2.344613E+00	4.784828E+00
2.478181E-02	1.871825E+00	2.334710E+00	4.838835E+00
2.501287E-02	1.862187E+00	2.312809E+00	4.875019E+00
2.524393E-02	1.844343E+00	2.279269E+00	4.892716E+00
2.547499E-02	1.818612E+00	2.234616E+00	4.891485E+00
2.570604E-02	1.785422E+00	2.179526E+00	4.871121E+00
2.593710E-02	1.745305E+00	2.114819E+00	4.831662E+00
2.616816E-02	1.698889E+00	2.041445E+00	4.773391E+00
2.639922E-02	1.646889E+00	1.960467E+00	4.696833E+00
2.663027E-02	1.590092E+00	1.873050E+00	4.602759E+00
2.686133E-02	1.529348E+00	1.780439E+00	4.492174E+00
2.709239E-02	1.465556E+00	1.683941E+00	4.366312E+00
2.732345E-02	1.399646E+00	1.584906E+00	4.226617E+00
2.755450E-02	1.332570E+00	1.484704E+00	4.074737E+00
2.778556E-02	1.265284E+00	1.384709E+00	3.912497E+00
2.801662E-02	1.198731E+00	1.286273E+00	3.741881E+00
2.824768E-02	1.133830E+00	1.190707E+00	3.565007E+00
2.847874E-02	1.071460E+00	1.099262E+00	3.384103E+00
2.870979E-02	1.012444E+00	1.013108E+00	3.201475E+00
2.894085E-02	9.575374E-01	9.333189E-01	3.019482E+00
2.917191E-02	9.074163E-01	8.608510E-01	2.840497E+00
2.940297E-02	8.626659E-01	7.965328E-01	2.666882E+00
2.963402E-02	8.237713E-01	7.410499E-01	2.500953E+00
2.986508E-02	7.911097E-01	6.949351E-01	2.344943E+00
3.009614E-02	7.649443E-01	6.585600E-01	2.200977E+00
3.032720E-02	7.454206E-01	6.321299E-01	2.071034E+00
3.055825E-02	7.325642E-01	6.156811E-01	1.956918E+00
3.078931E-02	7.262807E-01	6.090806E-01	1.860234E+00
3.102037E-02	7.263585E-01	6.120297E-01	1.782354E+00
3.125143E-02	7.324727E-01	6.240699E-01	1.724402E+00
3.148248E-02	7.441921E-01	6.445916E-01	1.687227E+00
3.171354E-02	7.609874E-01	6.728459E-01	1.671391E+00
3.194460E-02	7.822420E-01	7.079590E-01	1.677154E+00
3.217566E-02	8.072648E-01	7.489489E-01	1.704464E+00
3.240671E-02	8.353034E-01	7.947441E-01	1.752957E+00
3.263777E-02	8.655604E-01	8.442052E-01	1.821957E+00
3.286883E-02	8.972094E-01	8.961465E-01	1.910478E+00
3.309989E-02	9.294130E-01	9.493604E-01	2.017238E+00
3.333095E-02	9.613404E-01	1.002641E+00	2.140674E+00
3.356200E-02	9.921861E-01	1.054811E+00	2.278964E+00
3.379306E-02	1.021188E+00	1.104743E+00	2.430050E+00
3.402412E-02	1.047643E+00	1.151387E+00	2.591667E+00
3.425518E-02	1.070928E+00	1.193789E+00	2.761382E+00
3.448623E-02	1.090510E+00	1.231116E+00	2.936627E+00
3.471729E-02	1.105964E+00	1.262675E+00	3.114742E+00
3.494835E-02	1.116981E+00	1.287925E+00	3.293019E+00
3.517941E-02	1.123379E+00	1.306495E+00	3.468750E+00
3.541046E-02	1.125109E+00	1.318189E+00	3.639270E+00
3.564152E-02	1.122255E+00	1.322994E+00	3.802010E+00
3.587258E-02	1.115039E+00	1.321080E+00	3.954542E+00
3.610364E-02	1.103813E+00	1.312799E+00	4.094625E+00
3.633469E-02	1.089051E+00	1.298670E+00	4.220252E+00
3.656575E-02	1.071340E+00	1.279376E+00	4.329692E+00
3.679681E-02	1.051365E+00	1.255734E+00	4.421523E+00
3.702787E-02	1.029887E+00	1.228683E+00	4.494672E+00
3.725892E-02	1.007726E+00	1.199253E+00	4.548435E+00
3.748998E-02	9.857329E-01	1.168530E+00	4.582502E+00
3.772104E-02	9.647628E-01	1.137631E+00	4.596966E+00
3.795210E-02	9.456474E-01	1.107660E+00	4.592333E+00
3.818316E-02	9.291639E-01	1.079672E+00	4.569510E+00
3.841421E-02	9.160047E-01	1.054638E+00	4.529798E+00
3.864527E-02	9.067477E-01	1.033400E+00	4.474866E+00
3.887633E-02	9.018285E-01	1.016640E+00	4.406716E+00
3.910739E-02	9.015151E-01	1.004844E+00	4.327646E+00
3.933844E-02	9.058867E-01	9.982782E-01	4.240191E+00
3.956950E-02	9.148182E-01	9.969609E-01	4.147068E+00
3.980056E-02	9.279709E-01	1.000653E+00	4.051106E+00
4.003162E-02	9.447909E-01	1.008854E+00	3.955168E+00
4.026267E-02	9.645174E-01	1.020805E+00	3.862072E+00
4.049373E-02	9.861994E-01	1.035512E+00	3.774509E+00
4.072479E-02	1.008725E+00	1.051775E+00	3.694954E+00
4.095585E-02	1.030862E+00	1.068236E+00	3.625583E+00
4.118690E-02	1.051308E+00	1.083440E+00	3.568192E+00
4.141796E-02	1.068754E+00	1.095908E+00	3.524123E+00
4.164902E-02	1.081960E+00	1.104228E+00	3.494199E+00
4.188008E-02	1.089833E+00	1.107151E+00	3.478674E+00
4.211114E-02	1.091522E+00	1.103699E+00	3.477200E+00
4.234219E-02	1.086506E+00	1.093276E+00	3.488817E+00
4.257325E-02	1.074684E+00	1.075777E+00	3.511964E+00
4.280431E-02	1.056460E+00	1.051686E+00	3.544524E+00
4.303537E-02	1.032808E+00	1.022158E+00	3.583902E+00
4.326642E-02	1.005310E+00	9.890627E-01	3.627134E+00
4.349748E-02	9.761630E-01	9.549893E-01	3.671047E+00
4.372854E-02	9.481228E-01	9.231814E-01	3.712449E+00
4.395960E-02	9.243857E-01	8.973849E-01	3.748376E+00
4.419065E-02	9.083732E-01	8.815860E-01	3.776372E+00
4.442171E-02	9.034010E-01	8.796026E-01	3.794829E+00
4.465277E-02	9.122012E-01	8.944970E-01	3.803356E+00
4.488383E-02	9.362636E-01	9.277671E-01	3.803194E+00
4.511488E-02	9.749565E-01	9.782663E-01	3.797666E+00
4.534594E-02	1.024381E+00	1.040797E+00	3.792645E+00
4.557700E-02	1.075905E+00	1.104314E+00	3.797036E+00
4.580806E-02	1.114323E+00	1.149662E+00	3.823258E+00
4.603911E-02	1.115561E+00	1.146766E+00	3.887692E+00
4.627017E-02	1.043866E+00	1.051179E+00	4.011090E+00
4.650123E-02	8.483722E-01	7.998780E-01	4.218889E+00
