time	tmin_flame	tmid_flame	tmax_flame
5.204416E-04	0.000000E+00	0.000000E+00	0.000000E+00
6.635981E-04	0.000000E+00	0.000000E+00	0.000000E+00
8.067546E-04	0.000000E+00	0.000000E+00	0.000000E+00
9.499112E-04	0.000000E+00	0.000000E+00	0.000000E+00
1.093068E-03	0.000000E+00	0.000000E+00	0.000000E+00
1.236224E-03	0.000000E+00	0.000000E+00	0.000000E+00
1.379381E-03	0.000000E+00	0.000000E+00	0.000000E+00
1.522537E-03	0.000000E+00	0.000000E+00	0.000000E+00
1.665694E-03	0.000000E+00	0.000000E+00	0.000000E+00
1.808850E-03	0.000000E+00	0.000000E+00	0.000000E+00
1.952007E-03	0.000000E+00	0.000000E+00	0.000000E+00
2.095163E-03	0.000000E+00	0.000000E+00	0.000000E+00
2.238320E-03	0.000000E+00	0.000000E+00	0.000000E+00
2.381476E-03	0.000000E+00	0.000000E+00	0.000000E+00
2.524633E-03	0.000000E+00	0.000000E+00	0.000000E+00
2.667789E-03	0.000000E+00	0.000000E+00	0.000000E+00
2.810946E-03	0.000000E+00	0.000000E+00	0.000000E+00
2.954103E-03	0.000000E+00	0.000000E+00	0.000000E+00
3.097259E-03	0.000000E+00	0.000000E+00	0.000000E+00
3.240416E-03	0.000000E+00	0.000000E+00	0.000000E+00
3.383572E-03	0.000000E+00	0.000000E+00	0.000000E+00
3.526729E-03	0.000000E+00	0.000000E+00	0.000000E+00
3.669885E-03	0.000000E+00	0.000000E+00	0.000000E+00
3.813042E-03	0.000000E+00	0.000000E+00	0.000000E+00
3.956198E-03	0.000000E+00	0.000000E+00	0.000000E+00
4.099355E-03	0.000000E+00	0.000000E+00	0.000000E+00
4.242511E-03	8.833675E-01	1.431407E+00	1.944306E+00
4.385668E-03	1.011144E+00	1.634498E+00	2.243217E+00
4.528824E-03	1.149418E+00	1.838015E+00	2.548570E+00
4.671981E-03	1.297598E+00	2.040018E+00	2.857824E+00
4.815137E-03	1.454723E+00	2.238709E+00	3.168461E+00
4.958294E-03	1.619495E+00	2.432442E+00	3.478008E+00
5.101450E-03	1.790304E+00	2.619735E+00	3.784058E+00
5.244607E-03	1.965283E+00	2.799273E+00	4.084292E+00
5.387763E-03	2.142351E+00	2.969911E+00	4.376498E+00
5.530920E-03	2.319272E+00	3.130674E+00	4.658586E+00
5.674076E-03	2.493718E+00	3.280748E+00	4.928611E+00
5.817233E-03	2.663323E+00	3.419481E+00	5.184781E+00
5.960390E-03	2.825746E+00	3.546370E+00	5.425472E+00
6.103546E-03	2.978725E+00	3.661052E+00	5.649241E+00
6.246703E-03	3.120130E+00	3.763299E+00	5.854835E+00
6.389859E-03	3.248011E+00	3.853002E+00	6.041194E+00
6.533016E-03	3.360636E+00	3.930162E+00	6.207460E+00
6.676172E-03	3.456526E+00	3.994878E+00	6.352978E+00
6.819329E-03	3.534484E+00	4.047337E+00	6.477296E+00
6.962485E-03	3.593615E+00	4.087805E+00	6.580162E+00
7.105642E-03	3.633332E+00	4.116612E+00	6.661527E+00
7.248798E-03	3.653372E+00	4.134144E+00	6.721530E+00
7.391955E-03	3.653783E+00	4.140837E+00	6.760497E+00
7.535111E-03	3.634925E+00	4.137163E+00	6.778929E+00
7.678268E-03	3.597447E+00	4.123628E+00	6.777493E+00
7.821424E-03	3.542277E+00	4.100760E+00	6.757009E+00
7.964581E-03	3.470589E+00	4.069106E+00	6.718436E+00
8.107737E-03	3.383780E+00	4.029225E+00	6.662861E+00
8.250894E-03	3.283438E+00	3.981685E+00	6.591477E+00
8.394050E-03	3.171305E+00	3.927055E+00	6.505576E+00
8.537207E-03	3.049246E+00	3.865908E+00	6.406526E+00
8.680364E-03	2.919211E+00	3.798813E+00	6.295757E+00
8.823520E-03	2.783199E+00	3.726333E+00	6.174747E+00
8.966677E-03	2.643221E+00	3.649027E+00	6.045000E+00
9.109833E-03	2.501268E+00	3.567444E+00	5.908036E+00
9.252990E-03	2.359277E+00	3.482126E+00	5.765371E+00
9.396146E-03	2.219100E+00	3.393605E+00	5.618506E+00
9.539303E-03	2.082480E+00	3.302399E+00	5.468908E+00
9.682459E-03	1.951021E+00	3.209021E+00	5.318003E+00
9.825616E-03	1.826172E+00	3.113967E+00	5.167157E+00
9.968772E-03	1.709208E+00	3.017726E+00	5.017672E+00
1.011193E-02	1.601217E+00	2.920771E+00	4.870770E+00
1.025509E-02	1.503087E+00	2.823564E+00	4.727588E+00
1.039824E-02	1.415506E+00	2.726553E+00	4.589168E+00
1.054140E-02	1.338955E+00	2.630175E+00	4.456455E+00
1.068455E-02	1.273711E+00	2.534847E+00	4.330287E+00
1.082771E-02	1.219855E+00	2.440976E+00	4.211397E+00
1.097087E-02	1.177276E+00	2.348949E+00	4.100406E+00
1.111402E-02	1.145682E+00	2.259135E+00	3.997825E+00
1.125718E-02	1.124620E+00	2.171886E+00	3.904056E+00
1.140034E-02	1.113483E+00	2.087532E+00	3.819390E+00
1.154349E-02	1.111537E+00	2.006382E+00	3.744014E+00
1.168665E-02	1.117933E+00	1.928719E+00	3.678012E+00
1.182981E-02	1.131732E+00	1.854805E+00	3.621371E+00
1.197296E-02	1.151924E+00	1.784873E+00	3.573985E+00
1.211612E-02	1.177452E+00	1.719126E+00	3.535661E+00
1.225928E-02	1.207230E+00	1.657741E+00	3.506131E+00
1.240243E-02	1.240166E+00	1.600862E+00	3.485050E+00
1.254559E-02	1.275184E+00	1.548600E+00	3.472014E+00
1.268875E-02	1.311241E+00	1.501035E+00	3.466561E+00
1.283190E-02	1.347341E+00	1.458212E+00	3.468182E+00
1.297506E-02	1.382561E+00	1.420140E+00	3.476331E+00
1.311822E-02	1.416054E+00	1.386795E+00	3.490429E+00
1.326137E-02	1.447068E+00	1.358118E+00	3.509880E+00
1.340453E-02	1.474955E+00	1.334015E+00	3.534069E+00
1.354769E-02	1.499175E+00	1.314358E+00	3.562381E+00
1.369084E-02	1.519306E+00	1.298986E+00	3.594200E+00
1.383400E-02	1.535043E+00	1.287707E+00	3.628921E+00
1.397715E-02	1.546200E+00	1.280299E+00	3.665953E+00
1.412031E-02	1.552709E+00	1.276514E+00	3.704732E+00
1.426347E-02	1.554614E+00	1.276076E+00	3.744716E+00
1.440662E-02	1.552066E+00	1.278689E+00	3.785402E+00
1.454978E-02	1.545315E+00	1.284036E+00	3.826319E+00
1.469294E-02	1.534702E+00	1.291785E+00	3.867039E+00
1.483609E-02	1.520644E+00	1.301593E+00	3.907179E+00
1.497925E-02	1.503626E+00	1.313105E+00	3.946399E+00
1.512241E-02	1.484184E+00	1.325965E+00	3.984408E+00
1.526556E-02	1.462894E+00	1.339813E+00	4.020960E+00
1.540872E-02	1.440358E+00	1.354297E+00	4.055861E+00
1.555188E-02	1.417186E+00	1.369069E+00	4.088961E+00
1.569503E-02	1.393987E+00	1.383796E+00	4.120156E+00
1.583819E-02	1.371350E+00	1.398158E+00	4.149389E+00
1.598135E-02	1.349836E+00	1.411857E+00	4.176642E+00
1.612450E-02	1.329961E+00	1.424620E+00	4.201937E+00
1.626766E-02	1.312189E+00	1.436198E+00	4.225332E+00
1.641082E-02	1.296921E+00	1.446375E+00	4.246917E+00
1.655397E-02	1.284486E+00	1.454966E+00	4.266810E+00
1.669713E-02	1.275138E+00	1.461822E+00	4.285155E+00
1.684029E-02	1.269046E+00	1.466831E+00	4.302114E+00
1.698344E-02	1.266297E+00	1.469921E+00	4.317865E+00
1.712660E-02	1.266893E+00	1.471057E+00	4.332598E+00
1.726975E-02	1.270749E+00	1.470245E+00	4.346510E+00
1.741291E-02	1.277704E+00	1.467529E+00	4.359800E+00
1.755607E-02	1.287517E+00	1.462992E+00	4.372667E+00
1.769922E-02	1.299880E+00	1.456753E+00	4.385302E+00
1.784238E-02	1.314422E+00	1.448966E+00	4.397890E+00
1.798554E-02	1.330723E+00	1.439816E+00	4.410602E+00
1.812869E-02	1.348320E+00	1.429517E+00	4.423594E+00
1.827185E-02	1.366722E+00	1.418305E+00	4.437005E+00
1.841501E-02	1.385419E+00	1.406439E+00	4.450953E+00
1.855816E-02	1.403900E+00	1.394192E+00	4.465533E+00
1.870132E-02	1.421662E+00	1.381847E+00	4.480821E+00
1.884448E-02	1.438223E+00	1.369691E+00	4.496865E+00
1.898763E-02	1.453135E+00	1.358010E+00	4.513690E+00
1.913079E-02	1.465998E+00	1.347083E+00	4.531298E+00
1.927395E-02	1.476465E+00	1.337176E+00	4.549666E+00
1.941710E-02	1.484259E+00	1.328537E+00	4.568748E+00
1.956026E-02	1.489174E+00	1.321387E+00	4.588478E+00
1.970342E-02	1.491083E+00	1.315921E+00	4.608769E+00
1.984657E-02	1.489946E+00	1.312296E+00	4.629518E+00
1.998973E-02	1.485807E+00	1.310629E+00	4.650605E+00
2.013289E-02	1.478796E+00	1.310997E+00	4.671899E+00
2.027604E-02	1.469126E+00	1.313428E+00	4.693258E+00
2.041920E-02	1.457090E+00	1.317900E+00	4.714535E+00
2.056236E-02	1.443053E+00	1.324344E+00	4.735578E+00
2.070551E-02	1.427441E+00	1.332637E+00	4.756236E+00
2.084867E-02	1.410733E+00	1.342606E+00	4.776359E+00
2.099182E-02	1.393448E+00	1.354031E+00	4.795806E+00
2.113498E-02	1.376129E+00	1.366645E+00	4.814441E+00
2.127814E-02	1.359326E+00	1.380140E+00	4.832143E+00
2.142129E-02	1.343585E+00	1.394170E+00	4.848803E+00
2.156445E-02	1.329426E+00	1.408362E+00	4.864332E+00
2.170761E-02	1.317328E+00	1.422318E+00	4.878658E+00
2.185076E-02	1.307714E+00	1.435629E+00	4.891728E+00
2.199392E-02	1.300934E+00	1.447881E+00	4.903515E+00
2.213708E-02	1.297250E+00	1.458666E+00	4.914012E+00
2.228023E-02	1.296828E+00	1.467596E+00	4.923237E+00
2.242339E-02	1.299724E+00	1.474313E+00	4.931231E+00
2.256655E-02	1.305881E+00	1.478499E+00	4.938059E+00
2.270970E-02	1.315125E+00	1.479893E+00	4.943808E+00
2.285286E-02	1.327165E+00	1.478297E+00	4.948589E+00
2.299602E-02	1.341596E+00	1.473594E+00	4.952530E+00
2.313917E-02	1.357912E+00	1.465751E+00	4.955779E+00
2.328233E-02	1.375515E+00	1.454836E+00	4.958498E+00
2.342549E-02	1.393733E+00	1.441020E+00	4.960863E+00
2.356864E-02	1.411843E+00	1.424583E+00	4.963060E+00
2.371180E-02	1.429094E+00	1.405921E+00	4.965281E+00
2.385496E-02	1.444735E+00	1.385543E+00	4.967719E+00
2.399811E-02	1.458047E+00	1.364068E+00	4.970570E+00
2.414127E-02	1.468373E+00	1.342220E+00	4.974021E+00
2.428442E-02	1.475153E+00	1.320819E+00	4.978252E+00
2.442758E-02	1.477953E+00	1.300761E+00	4.983428E+00
2.457074E-02	1.476496E+00	1.283005E+00	4.989697E+00
2.471389E-02	1.470692E+00	1.268547E+00	4.997184E+00
2.485705E-02	1.460654E+00	1.258389E+00	5.005985E+00
2.500021E-02	1.446713E+00	1.253513E+00	5.016168E+00
2.514336E-02	1.429431E+00	1.254835E+00	5.027760E+00
2.528652E-02	1.409585E+00	1.263170E+00	5.040750E+00
2.542968E-02	1.388161E+00	1.279187E+00	5.055078E+00
2.557283E-02	1.366317E+00	1.303360E+00	5.070632E+00
2.571599E-02	1.345348E+00	1.335919E+00	5.087245E+00
2.585915E-02	1.326615E+00	1.376805E+00	5.104684E+00
2.600230E-02	1.311485E+00	1.425622E+00	5.122648E+00
2.614546E-02	1.301233E+00	1.481594E+00	5.140759E+00
2.628862E-02	1.296951E+00	1.543531E+00	5.158556E+00
2.643177E-02	1.299436E+00	1.609805E+00	5.175484E+00
2.657493E-02	1.309079E+00	1.678336E+00	5.190891E+00
2.671809E-02	1.325754E+00	1.746604E+00	5.204010E+00
2.686124E-02	1.348727E+00	1.811677E+00	5.213956E+00
2.700440E-02	1.376573E+00	1.870275E+00	5.219707E+00
2.714756E-02	1.407146E+00	1.918865E+00	5.220097E+00
2.729071E-02	1.437598E+00	1.953811E+00	5.213800E+00
2.743387E-02	1.464477E+00	1.971563E+00	5.199311E+00
2.757702E-02	1.483932E+00	1.968927E+00	5.174939E+00
2.772018E-02	1.492061E+00	1.943398E+00	5.138781E+00
2.786334E-02	1.485433E+00	1.893587E+00	5.088715E+00
2.800649E-02	1.461842E+00	1.819758E+00	5.022376E+00
2.814965E-02	1.421336E+00	1.724470E+00	4.937152E+00
2.829281E-02	1.367594E+00	1.613375E+00	4.830162E+00
2.843596E-02	1.309729E+00	1.496163E+00	4.698254E+00
2.857912E-02	1.264587E+00	1.387692E+00	4.538002E+00
2.872228E-02	1.259665E+00	1.309323E+00	4.345711E+00
2.886543E-02	1.336732E+00	1.290495E+00	4.117426E+00
2.900859E-02	1.556328E+00	1.370552E+00	3.848968E+00
