time	tmin_flame	tmid_flame	tmax_flame
5.211668E-04	0.000000E+00	0.000000E+00	0.000000E+00
7.423154E-04	0.000000E+00	0.000000E+00	0.000000E+00
9.634639E-04	0.000000E+00	0.000000E+00	0.000000E+00
1.184612E-03	0.000000E+00	0.000000E+00	0.000000E+00
1.405761E-03	0.000000E+00	0.000000E+00	0.000000E+00
1.626910E-03	0.000000E+00	0.000000E+00	0.000000E+00
1.848058E-03	0.000000E+00	0.000000E+00	0.000000E+00
2.069207E-03	0.000000E+00	0.000000E+00	0.000000E+00
2.290355E-03	0.000000E+00	0.000000E+00	0.000000E+00
2.511504E-03	0.000000E+00	0.000000E+00	0.000000E+00
2.732652E-03	0.000000E+00	0.000000E+00	0.000000E+00
2.953801E-03	0.000000E+00	0.000000E+00	0.000000E+00
3.174950E-03	0.000000E+00	0.000000E+00	0.000000E+00
3.396098E-03	0.000000E+00	0.000000E+00	0.000000E+00
3.617247E-03	0.000000E+00	0.000000E+00	0.000000E+00
3.838395E-03	0.000000E+00	0.000000E+00	0.000000E+00
4.059544E-03	0.000000E+00	0.000000E+00	0.000000E+00
4.280692E-03	0.000000E+00	0.000000E+00	0.000000E+00
4.501841E-03	0.000000E+00	0.000000E+00	0.000000E+00
4.722989E-03	0.000000E+00	0.000000E+00	0.000000E+00
4.944138E-03	0.000000E+00	0.000000E+00	0.000000E+00
5.165287E-03	0.000000E+00	0.000000E+00	0.000000E+00
5.386435E-03	0.000000E+00	0.000000E+00	0.000000E+00
5.607584E-03	0.000000E+00	0.000000E+00	0.000000E+00
5.828732E-03	0.000000E+00	0.000000E+00	0.000000E+00
6.049881E-03	0.000000E+00	0.000000E+00	0.000000E+00
6.271029E-03	0.000000E+00	0.000000E+00	0.000000E+00
6.492178E-03	0.000000E+00	0.000000E+00	0.000000E+00
6.713326E-03	0.000000E+00	0.000000E+00	0.000000E+00
6.934475E-03	0.000000E+00	0.000000E+00	0.000000E+00
7.155624E-03	0.000000E+00	0.000000E+00	0.000000E+00
7.376772E-03	0.000000E+00	0.000000E+00	0.000000E+00
7.597921E-03	0.000000E+00	0.000000E+00	0.000000E+00
7.819069E-03	0.000000E+00	0.000000E+00	0.000000E+00
8.040218E-03	0.000000E+00	0.000000E+00	0.000000E+00
8.261366E-03	0.000000E+00	0.000000E+00	0.000000E+00
8.482515E-03	0.000000E+00	0.000000E+00	0.000000E+00
8.703663E-03	0.000000E+00	0.000000E+00	0.000000E+00
8.924812E-03	0.000000E+00	0.000000E+00	0.000000E+00
9.145961E-03	0.000000E+00	0.000000E+00	0.000000E+00
9.367109E-03	0.000000E+00	0.000000E+00	0.000000E+00
9.588258E-03	0.000000E+00	0.000000E+00	0.000000E+00
9.809406E-03	0.000000E+00	0.000000E+00	0.000000E+00
1.003055E-02	0.000000E+00	0.000000E+00	0.000000E+00
1.025170E-02	0.000000E+00	0.000000E+00	0.000000E+00
1.047285E-02	0.000000E+00	0.000000E+00	0.000000E+00
1.069400E-02	0.000000E+00	0.000000E+00	0.000000E+00
1.091515E-02	0.000000E+00	0.000000E+00	0.000000E+00
1.113630E-02	0.000000E+00	0.000000E+00	0.000000E+00
1.135745E-02	0.000000E+00	0.000000E+00	0.000000E+00
1.157859E-02	0.000000E+00	0.000000E+00	0.000000E+00
1.179974E-02	0.000000E+00	0.000000E+00	0.000000E+00
1.202089E-02	1.162957E+00	1.023718E+00	1.426458E+00
1.224204E-02	1.158739E+00	1.016321E+00	1.587522E+00
1.246319E-02	1.139924E+00	9.998661E-01	1.750291E+00
1.268434E-02	1.108026E+00	9.763338E-01	1.914024E+00
1.290549E-02	1.064906E+00	9.479301E-01	2.078033E+00
1.312663E-02	1.012720E+00	9.170244E-01	2.241679E+00
1.334778E-02	9.538641E-01	8.860842E-01	2.404375E+00
1.356893E-02	8.909116E-01	8.576109E-01	2.565586E+00
1.379008E-02	8.265506E-01	8.340756E-01	2.724827E+00
1.401123E-02	7.635208E-01	8.178589E-01	2.881659E+00
1.423238E-02	7.045512E-01	8.111939E-01	3.035690E+00
1.445353E-02	6.522994E-01	8.161142E-01	3.186569E+00
1.467467E-02	6.092950E-01	8.344079E-01	3.333984E+00
1.489582E-02	5.778864E-01	8.675788E-01	3.477656E+00
1.511697E-02	5.601928E-01	9.168137E-01	3.617338E+00
1.533812E-02	5.580624E-01	9.829584E-01	3.752811E+00
1.555927E-02	5.730362E-01	1.066501E+00	3.883881E+00
1.578042E-02	6.063197E-01	1.167564E+00	4.010375E+00
1.600157E-02	6.587604E-01	1.285902E+00	4.132140E+00
1.622271E-02	7.308340E-01	1.420909E+00	4.249038E+00
1.644386E-02	8.226362E-01	1.571635E+00	4.360949E+00
1.666501E-02	9.338835E-01	1.736803E+00	4.467767E+00
1.688616E-02	1.063919E+00	1.914838E+00	4.569398E+00
1.710731E-02	1.211729E+00	2.103898E+00	4.665762E+00
1.732846E-02	1.375956E+00	2.301914E+00	4.756792E+00
1.754961E-02	1.554933E+00	2.506627E+00	4.842434E+00
1.777075E-02	1.746706E+00	2.715634E+00	4.922650E+00
1.799190E-02	1.949073E+00	2.926434E+00	4.997415E+00
1.821305E-02	2.159624E+00	3.136473E+00	5.066720E+00
1.843420E-02	2.375777E+00	3.343193E+00	5.130575E+00
1.865535E-02	2.594826E+00	3.544078E+00	5.189007E+00
1.887650E-02	2.813986E+00	3.736698E+00	5.242063E+00
1.909765E-02	3.030437E+00	3.918753E+00	5.289809E+00
1.931879E-02	3.241369E+00	4.088112E+00	5.332333E+00
1.953994E-02	3.444029E+00	4.242849E+00	5.369746E+00
1.976109E-02	3.635764E+00	4.381274E+00	5.402179E+00
1.998224E-02	3.814057E+00	4.501960E+00	5.429786E+00
2.020339E-02	3.976572E+00	4.603768E+00	5.452742E+00
2.042454E-02	4.121183E+00	4.685857E+00	5.471243E+00
2.064569E-02	4.246007E+00	4.747698E+00	5.485506E+00
2.086683E-02	4.349428E+00	4.789079E+00	5.495763E+00
2.108798E-02	4.430123E+00	4.810104E+00	5.502264E+00
2.130913E-02	4.487073E+00	4.811184E+00	5.505274E+00
2.153028E-02	4.519580E+00	4.793027E+00	5.505066E+00
2.175143E-02	4.527268E+00	4.756620E+00	5.501923E+00
2.197258E-02	4.510090E+00	4.703204E+00	5.496131E+00
2.219373E-02	4.468319E+00	4.634253E+00	5.487980E+00
2.241487E-02	4.402546E+00	4.551438E+00	5.477754E+00
2.263602E-02	4.313657E+00	4.456597E+00	5.465733E+00
2.285717E-02	4.202824E+00	4.351697E+00	5.452187E+00
2.307832E-02	4.071480E+00	4.238797E+00	5.437371E+00
2.329947E-02	3.921292E+00	4.120005E+00	5.421524E+00
2.352062E-02	3.754136E+00	3.997446E+00	5.404863E+00
2.374177E-02	3.572060E+00	3.873213E+00	5.387583E+00
2.396291E-02	3.377259E+00	3.749335E+00	5.369850E+00
2.418406E-02	3.172030E+00	3.627736E+00	5.351802E+00
2.440521E-02	2.958746E+00	3.510206E+00	5.333547E+00
2.462636E-02	2.739812E+00	3.398361E+00	5.315159E+00
2.484751E-02	2.517632E+00	3.293621E+00	5.296681E+00
2.506866E-02	2.294575E+00	3.197186E+00	5.278122E+00
2.528981E-02	2.072938E+00	3.110012E+00	5.259457E+00
2.551095E-02	1.854916E+00	3.032800E+00	5.240630E+00
2.573210E-02	1.642569E+00	2.965984E+00	5.221556E+00
2.595325E-02	1.437799E+00	2.909730E+00	5.202122E+00
2.617440E-02	1.242323E+00	2.863932E+00	5.182190E+00
2.639555E-02	1.057654E+00	2.828222E+00	5.161603E+00
2.661670E-02	8.850848E-01	2.801983E+00	5.140185E+00
2.683785E-02	7.256723E-01	2.784360E+00	5.117750E+00
2.705899E-02	5.802326E-01	2.774287E+00	5.094104E+00
2.728014E-02	4.493355E-01	2.770511E+00	5.069052E+00
2.750129E-02	3.333043E-01	2.771620E+00	5.042402E+00
2.772244E-02	2.322204E-01	2.776081E+00	5.013974E+00
2.794359E-02	1.459319E-01	2.782270E+00	4.983602E+00
2.816474E-02	7.406526E-02	2.788512E+00	4.951143E+00
2.838589E-02	1.604181E-02	2.793123E+00	4.916478E+00
2.860703E-02	0.000000E+00	2.794446E+00	4.879523E+00
2.882818E-02	0.000000E+00	2.790892E+00	4.840229E+00
2.904933E-02	0.000000E+00	2.780977E+00	4.798588E+00
2.927048E-02	0.000000E+00	2.763358E+00	4.754637E+00
2.949163E-02	0.000000E+00	2.736870E+00	4.708459E+00
2.971278E-02	0.000000E+00	2.700551E+00	4.660185E+00
2.993393E-02	0.000000E+00	2.653670E+00	4.609998E+00
3.015507E-02	0.000000E+00	2.595748E+00	4.558126E+00
3.037622E-02	0.000000E+00	2.526572E+00	4.504849E+00
3.059737E-02	0.000000E+00	2.446207E+00	4.450489E+00
3.081852E-02	0.000000E+00	2.354994E+00	4.395411E+00
3.103967E-02	9.523899E-03	2.253552E+00	4.340017E+00
3.126082E-02	2.879536E-02	2.142766E+00	4.284740E+00
3.148197E-02	4.601822E-02	2.023766E+00	4.230035E+00
3.170311E-02	6.052029E-02	1.897912E+00	4.176375E+00
3.192426E-02	7.178906E-02	1.766757E+00	4.124239E+00
3.214541E-02	7.947642E-02	1.632014E+00	4.074106E+00
3.236656E-02	8.339912E-02	1.495519E+00	4.026440E+00
3.258771E-02	8.353489E-02	1.359183E+00	3.981683E+00
3.280886E-02	8.001487E-02	1.224944E+00	3.940245E+00
3.303000E-02	7.311152E-02	1.094722E+00	3.902489E+00
3.325115E-02	6.322310E-02	9.703606E-01	3.868727E+00
3.347230E-02	5.085534E-02	8.535830E-01	3.839204E+00
3.369345E-02	3.659919E-02	7.459374E-01	3.814095E+00
3.391460E-02	2.110782E-02	6.487532E-01	3.793492E+00
3.413575E-02	5.070029E-03	5.630982E-01	3.777398E+00
3.435690E-02	0.000000E+00	4.897417E-01	3.765728E+00
3.457804E-02	0.000000E+00	4.291257E-01	3.758298E+00
3.479919E-02	0.000000E+00	3.813430E-01	3.754829E+00
3.502034E-02	0.000000E+00	3.461267E-01	3.754946E+00
3.524149E-02	0.000000E+00	3.228482E-01	3.758183E+00
3.546264E-02	0.000000E+00	3.105279E-01	3.763990E+00
3.568379E-02	0.000000E+00	3.078563E-01	3.771740E+00
3.590494E-02	0.000000E+00	3.132301E-01	3.780741E+00
3.612608E-02	0.000000E+00	3.247952E-01	3.790252E+00
3.634723E-02	0.000000E+00	3.405052E-01	3.799499E+00
3.656838E-02	0.000000E+00	3.581900E-01	3.807691E+00
3.678953E-02	0.000000E+00	3.756308E-01	3.814047E+00
3.701068E-02	0.000000E+00	3.906449E-01	3.817813E+00
3.723183E-02	0.000000E+00	4.011736E-01	3.818287E+00
3.745298E-02	3.133817E-03	4.053753E-01	3.814847E+00
3.767412E-02	1.704976E-02	4.017135E-01	3.806969E+00
3.789527E-02	2.976362E-02	3.890420E-01	3.794254E+00
3.811642E-02	4.057467E-02	3.666824E-01	3.776449E+00
3.833757E-02	4.886424E-02	3.344882E-01	3.753465E+00
3.855872E-02	5.413563E-02	2.928868E-01	3.725392E+00
3.877987E-02	5.604559E-02	2.429055E-01	3.692510E+00
3.900102E-02	5.444008E-02	1.861697E-01	3.655294E+00
3.922216E-02	4.937129E-02	1.248640E-01	3.614410E+00
3.944331E-02	4.111528E-02	6.166714E-02	3.570710E+00
3.966446E-02	3.017189E-02	0.000000E+00	3.525210E+00
3.988561E-02	1.725490E-02	0.000000E+00	3.479067E+00
4.010676E-02	3.262328E-03	0.000000E+00	3.433540E+00
4.032791E-02	0.000000E+00	0.000000E+00	3.389946E+00
4.054906E-02	0.000000E+00	0.000000E+00	3.349605E+00
4.077020E-02	0.000000E+00	0.000000E+00	3.313780E+00
4.099135E-02	0.000000E+00	0.000000E+00	3.283602E+00
4.121250E-02	0.000000E+00	0.000000E+00	3.260003E+00
4.143365E-02	0.000000E+00	0.000000E+00	3.243636E+00
4.165480E-02	0.000000E+00	0.000000E+00	3.234805E+00
4.187595E-02	0.000000E+00	8.138967E-03	3.233402E+00
4.209710E-02	0.000000E+00	6.933208E-02	3.238860E+00
4.231824E-02	1.556618E-03	1.233417E-01	3.250131E+00
4.253939E-02	1.694980E-02	1.614354E-01	3.265701E+00
4.276054E-02	2.958633E-02	1.750489E-01	3.283650E+00
4.298169E-02	3.681331E-02	1.571999E-01	3.301785E+00
4.320284E-02	3.629422E-02	1.045197E-01	3.317853E+00
4.342399E-02	2.669035E-02	2.003150E-02	3.329857E+00
4.364514E-02	8.635248E-03	0.000000E+00	3.336518E+00
4.386628E-02	0.000000E+00	0.000000E+00	3.337890E+00
4.408743E-02	0.000000E+00	0.000000E+00	3.336184E+00
4.430858E-02	0.000000E+00	0.000000E+00	3.336827E+00
4.452973E-02	2.208735E-02	2.409578E-01	3.349819E+00
