time	tmin_flame	tmid_flame	tmax_flame
5.204518E-04	0.000000E+00	0.000000E+00	0.000000E+00
6.762125E-04	0.000000E+00	0.000000E+00	0.000000E+00
8.319732E-04	0.000000E+00	0.000000E+00	0.000000E+00
9.877339E-04	0.000000E+00	0.000000E+00	0.000000E+00
1.143495E-03	0.000000E+00	0.000000E+00	0.000000E+00
1.299255E-03	0.000000E+00	0.000000E+00	0.000000E+00
1.455016E-03	0.000000E+00	0.000000E+00	0.000000E+00
1.610777E-03	0.000000E+00	0.000000E+00	0.000000E+00
1.766537E-03	0.000000E+00	0.000000E+00	0.000000E+00
1.922298E-03	0.000000E+00	0.000000E+00	0.000000E+00
2.078059E-03	0.000000E+00	0.000000E+00	0.000000E+00
2.233819E-03	0.000000E+00	0.000000E+00	0.000000E+00
2.389580E-03	0.000000E+00	0.000000E+00	0.000000E+00
2.545341E-03	0.000000E+00	0.000000E+00	0.000000E+00
2.701102E-03	0.000000E+00	0.000000E+00	0.000000E+00
2.856862E-03	0.000000E+00	0.000000E+00	0.000000E+00
3.012623E-03	0.000000E+00	0.000000E+00	0.000000E+00
3.168384E-03	0.000000E+00	0.000000E+00	0.000000E+00
3.324144E-03	0.000000E+00	0.000000E+00	0.000000E+00
3.479905E-03	0.000000E+00	0.000000E+00	0.000000E+00
3.635666E-03	0.000000E+00	0.000000E+00	0.000000E+00
3.791426E-03	0.000000E+00	0.000000E+00	0.000000E+00
3.947187E-03	0.000000E+00	0.000000E+00	0.000000E+00
4.102948E-03	0.000000E+00	0.000000E+00	0.000000E+00
4.258708E-03	0.000000E+00	0.000000E+00	0.000000E+00
4.414469E-03	0.000000E+00	0.000000E+00	0.000000E+00
4.570230E-03	2.421914E+00	2.480680E+00	2.794950E+00
4.725991E-03	2.768699E+00	2.866888E+00	3.318946E+00
4.881751E-03	3.109480E+00	3.249462E+00	3.852687E+00
5.037512E-03	3.438593E+00	3.621948E+00	4.387389E+00
5.193273E-03	3.750734E+00	3.978291E+00	4.914442E+00
5.349033E-03	4.041060E+00	4.312949E+00	5.425607E+00
5.504794E-03	4.305259E+00	4.620987E+00	5.913181E+00
5.660555E-03	4.539622E+00	4.898152E+00	6.370140E+00
5.816315E-03	4.741078E+00	5.140922E+00	6.790258E+00
5.972076E-03	4.907227E+00	5.346542E+00	7.168200E+00
6.127837E-03	5.036353E+00	5.513034E+00	7.499581E+00
6.283597E-03	5.127421E+00	5.639197E+00	7.781014E+00
6.439358E-03	5.180064E+00	5.724587E+00	8.010121E+00
6.595119E-03	5.194560E+00	5.769485E+00	8.185534E+00
6.750880E-03	5.171790E+00	5.774855E+00	8.306870E+00
6.906640E-03	5.113203E+00	5.742290E+00	8.374685E+00
7.062401E-03	5.020757E+00	5.673952E+00	8.390423E+00
7.218162E-03	4.896867E+00	5.572501E+00	8.356343E+00
7.373922E-03	4.744342E+00	5.441028E+00	8.275436E+00
7.529683E-03	4.566320E+00	5.282975E+00	8.151337E+00
7.685444E-03	4.366203E+00	5.102064E+00	7.988229E+00
7.841204E-03	4.147594E+00	4.902216E+00	7.790742E+00
7.996965E-03	3.914223E+00	4.687479E+00	7.563851E+00
8.152726E-03	3.669892E+00	4.461952E+00	7.312773E+00
8.308487E-03	3.418407E+00	4.229721E+00	7.042864E+00
8.464247E-03	3.163522E+00	3.994788E+00	6.759526E+00
8.620008E-03	2.908885E+00	3.761016E+00	6.468107E+00
8.775769E-03	2.657986E+00	3.532073E+00	6.173821E+00
8.931529E-03	2.414115E+00	3.311381E+00	5.881663E+00
9.087290E-03	2.180319E+00	3.102078E+00	5.596339E+00
9.243051E-03	1.959372E+00	2.906980E+00	5.322200E+00
9.398811E-03	1.753743E+00	2.728557E+00	5.063193E+00
9.554572E-03	1.565578E+00	2.568904E+00	4.822810E+00
9.710333E-03	1.396677E+00	2.429732E+00	4.604057E+00
9.866093E-03	1.248492E+00	2.312359E+00	4.409428E+00
1.002185E-02	1.122115E+00	2.217705E+00	4.240889E+00
1.017761E-02	1.018282E+00	2.146297E+00	4.099871E+00
1.033338E-02	9.373757E-01	2.098279E+00	3.987276E+00
1.048914E-02	8.794385E-01	2.073426E+00	3.903483E+00
1.064490E-02	8.441850E-01	2.071164E+00	3.848371E+00
1.080066E-02	8.310210E-01	2.090590E+00	3.821345E+00
1.095642E-02	8.390652E-01	2.130502E+00	3.821366E+00
1.111218E-02	8.671743E-01	2.189428E+00	3.846991E+00
1.126794E-02	9.139701E-01	2.265658E+00	3.896416E+00
1.142370E-02	9.778688E-01	2.357278E+00	3.967522E+00
1.157946E-02	1.057112E+00	2.462205E+00	4.057924E+00
1.173522E-02	1.149800E+00	2.578225E+00	4.165024E+00
1.189098E-02	1.253921E+00	2.703029E+00	4.286063E+00
1.204674E-02	1.367386E+00	2.834248E+00	4.418171E+00
1.220250E-02	1.488063E+00	2.969492E+00	4.558427E+00
1.235826E-02	1.613805E+00	3.106379E+00	4.703901E+00
1.251403E-02	1.742480E+00	3.242576E+00	4.851710E+00
1.266979E-02	1.872005E+00	3.375823E+00	4.999060E+00
1.282555E-02	2.000367E+00	3.503966E+00	5.143291E+00
1.298131E-02	2.125651E+00	3.624981E+00	5.281915E+00
1.313707E-02	2.246063E+00	3.736999E+00	5.412651E+00
1.329283E-02	2.359949E+00	3.838328E+00	5.533457E+00
1.344859E-02	2.465812E+00	3.927466E+00	5.642549E+00
1.360435E-02	2.562327E+00	4.003120E+00	5.738429E+00
1.376011E-02	2.648354E+00	4.064216E+00	5.819893E+00
1.391587E-02	2.722943E+00	4.109904E+00	5.886043E+00
1.407163E-02	2.785344E+00	4.139566E+00	5.936290E+00
1.422739E-02	2.835007E+00	4.152814E+00	5.970353E+00
1.438315E-02	2.871580E+00	4.149491E+00	5.988254E+00
1.453891E-02	2.894912E+00	4.129664E+00	5.990304E+00
1.469467E-02	2.905041E+00	4.093618E+00	5.977088E+00
1.485044E-02	2.902192E+00	4.041843E+00	5.949450E+00
1.500620E-02	2.886761E+00	3.975024E+00	5.908463E+00
1.516196E-02	2.859307E+00	3.894025E+00	5.855407E+00
1.531772E-02	2.820537E+00	3.799871E+00	5.791740E+00
1.547348E-02	2.771287E+00	3.693731E+00	5.719063E+00
1.562924E-02	2.712511E+00	3.576900E+00	5.639095E+00
1.578500E-02	2.645259E+00	3.450772E+00	5.553631E+00
1.594076E-02	2.570658E+00	3.316826E+00	5.464513E+00
1.609652E-02	2.489896E+00	3.176597E+00	5.373596E+00
1.625228E-02	2.404199E+00	3.031660E+00	5.282712E+00
1.640804E-02	2.314814E+00	2.883603E+00	5.193643E+00
1.656380E-02	2.222992E+00	2.734008E+00	5.108083E+00
1.671956E-02	2.129962E+00	2.584429E+00	5.027620E+00
1.687532E-02	2.036925E+00	2.436374E+00	4.953701E+00
1.703109E-02	1.945026E+00	2.291282E+00	4.887615E+00
1.718685E-02	1.855348E+00	2.150511E+00	4.830474E+00
1.734261E-02	1.768894E+00	2.015318E+00	4.783194E+00
1.749837E-02	1.686574E+00	1.886847E+00	4.746485E+00
1.765413E-02	1.609199E+00	1.766115E+00	4.720845E+00
1.780989E-02	1.537467E+00	1.654005E+00	4.706552E+00
1.796565E-02	1.471962E+00	1.551256E+00	4.703668E+00
1.812141E-02	1.413145E+00	1.458457E+00	4.712038E+00
1.827717E-02	1.361354E+00	1.376045E+00	4.731305E+00
1.843293E-02	1.316804E+00	1.304301E+00	4.760915E+00
1.858869E-02	1.279585E+00	1.243354E+00	4.800133E+00
1.874445E-02	1.249670E+00	1.193183E+00	4.848065E+00
1.890021E-02	1.226916E+00	1.153619E+00	4.903674E+00
1.905597E-02	1.211072E+00	1.124357E+00	4.965805E+00
1.921174E-02	1.201790E+00	1.104962E+00	5.033210E+00
1.936750E-02	1.198631E+00	1.094879E+00	5.104574E+00
1.952326E-02	1.201079E+00	1.093446E+00	5.178543E+00
1.967902E-02	1.208548E+00	1.099909E+00	5.253752E+00
1.983478E-02	1.220404E+00	1.113430E+00	5.328849E+00
1.999054E-02	1.235968E+00	1.133113E+00	5.402529E+00
2.014630E-02	1.254536E+00	1.158007E+00	5.473553E+00
2.030206E-02	1.275393E+00	1.187134E+00	5.540775E+00
2.045782E-02	1.297821E+00	1.219498E+00	5.603165E+00
2.061358E-02	1.321120E+00	1.254104E+00	5.659826E+00
2.076934E-02	1.344617E+00	1.289973E+00	5.710013E+00
2.092510E-02	1.367674E+00	1.326159E+00	5.753142E+00
2.108086E-02	1.389709E+00	1.361765E+00	5.788804E+00
2.123662E-02	1.410195E+00	1.395950E+00	5.816767E+00
2.139238E-02	1.428675E+00	1.427950E+00	5.836976E+00
2.154815E-02	1.444768E+00	1.457084E+00	5.849556E+00
2.170391E-02	1.458173E+00	1.482765E+00	5.854799E+00
2.185967E-02	1.468672E+00	1.504506E+00	5.853154E+00
2.201543E-02	1.476134E+00	1.521932E+00	5.845216E+00
2.217119E-02	1.480513E+00	1.534775E+00	5.831703E+00
2.232695E-02	1.481848E+00	1.542886E+00	5.813435E+00
2.248271E-02	1.480255E+00	1.546226E+00	5.791312E+00
2.263847E-02	1.475929E+00	1.544873E+00	5.766285E+00
2.279423E-02	1.469130E+00	1.539011E+00	5.739328E+00
2.294999E-02	1.460178E+00	1.528928E+00	5.711410E+00
2.310575E-02	1.449443E+00	1.515010E+00	5.683464E+00
2.326151E-02	1.437332E+00	1.497727E+00	5.656358E+00
2.341727E-02	1.424280E+00	1.477628E+00	5.630868E+00
2.357303E-02	1.410738E+00	1.455326E+00	5.607652E+00
2.372880E-02	1.397155E+00	1.431482E+00	5.587228E+00
2.388456E-02	1.383972E+00	1.406798E+00	5.569956E+00
2.404032E-02	1.371605E+00	1.381997E+00	5.556020E+00
2.419608E-02	1.360436E+00	1.357809E+00	5.545425E+00
2.435184E-02	1.350799E+00	1.334955E+00	5.537988E+00
2.450760E-02	1.342973E+00	1.314134E+00	5.533345E+00
2.466336E-02	1.337169E+00	1.296005E+00	5.530959E+00
2.481912E-02	1.333531E+00	1.281177E+00	5.530136E+00
2.497488E-02	1.332124E+00	1.270191E+00	5.530051E+00
2.513064E-02	1.332935E+00	1.263512E+00	5.529773E+00
2.528640E-02	1.335874E+00	1.261515E+00	5.528306E+00
2.544216E-02	1.340773E+00	1.264480E+00	5.524629E+00
2.559792E-02	1.347394E+00	1.272581E+00	5.517741E+00
2.575368E-02	1.355434E+00	1.285885E+00	5.506710E+00
2.590944E-02	1.364539E+00	1.304344E+00	5.490730E+00
2.606521E-02	1.374310E+00	1.327799E+00	5.469166E+00
2.622097E-02	1.384324E+00	1.355981E+00	5.441608E+00
2.637673E-02	1.394144E+00	1.388511E+00	5.407918E+00
2.653249E-02	1.403340E+00	1.424910E+00	5.368265E+00
2.668825E-02	1.411503E+00	1.464603E+00	5.323162E+00
2.684401E-02	1.418270E+00	1.506933E+00	5.273483E+00
2.699977E-02	1.423333E+00	1.551168E+00	5.220468E+00
2.715553E-02	1.426461E+00	1.596516E+00	5.165709E+00
2.731129E-02	1.427512E+00	1.642138E+00	5.111127E+00
2.746705E-02	1.426445E+00	1.687162E+00	5.058911E+00
2.762281E-02	1.423328E+00	1.730699E+00	5.011447E+00
2.777857E-02	1.418341E+00	1.771855E+00	4.971220E+00
2.793433E-02	1.411774E+00	1.809748E+00	4.940689E+00
2.809009E-02	1.404017E+00	1.843521E+00	4.922140E+00
2.824586E-02	1.395552E+00	1.872356E+00	4.917522E+00
2.840162E-02	1.386924E+00	1.895486E+00	4.928263E+00
2.855738E-02	1.378718E+00	1.912208E+00	4.955076E+00
2.871314E-02	1.371525E+00	1.921894E+00	4.997767E+00
2.886890E-02	1.365899E+00	1.924004E+00	5.055057E+00
2.902466E-02	1.362316E+00	1.918098E+00	5.124421E+00
2.918042E-02	1.361123E+00	1.903854E+00	5.201985E+00
2.933618E-02	1.362495E+00	1.881088E+00	5.282492E+00
2.949194E-02	1.366391E+00	1.849778E+00	5.359365E+00
2.964770E-02	1.372517E+00	1.810104E+00	5.424919E+00
2.980346E-02	1.380309E+00	1.762491E+00	5.470751E+00
2.995922E-02	1.388934E+00	1.707685E+00	5.488370E+00
3.011498E-02	1.397322E+00	1.646835E+00	5.470124E+00
3.027074E-02	1.404246E+00	1.581616E+00	5.410501E+00
3.042651E-02	1.408447E+00	1.514388E+00	5.307893E+00
3.058227E-02	1.408839E+00	1.448404E+00	5.166908E+00
3.073803E-02	1.404805E+00	1.388068E+00	5.001360E+00
3.089379E-02	1.396595E+00	1.339280E+00	4.838063E+00
3.104955E-02	1.385872E+00	1.309855E+00	4.721568E+00
3.120531E-02	1.376422E+00	1.310053E+00	4.720031E+00
3.136107E-02	1.375057E+00	1.353234E+00	4.932395E+00
3.151683E-02	1.392769E+00	1.456663E+00	5.497109E+00
