time	Max
5.167807E-04	0.000000E+00
8.510832E-04	0.000000E+00
1.185386E-03	0.000000E+00
1.519688E-03	0.000000E+00
1.853991E-03	0.000000E+00
2.188293E-03	0.000000E+00
2.522595E-03	0.000000E+00
2.856898E-03	0.000000E+00
3.191200E-03	0.000000E+00
3.525503E-03	0.000000E+00
3.859805E-03	0.000000E+00
4.194108E-03	0.000000E+00
4.528410E-03	0.000000E+00
4.862713E-03	0.000000E+00
5.197015E-03	0.000000E+00
5.531318E-03	0.000000E+00
5.865620E-03	0.000000E+00
6.199922E-03	0.000000E+00
6.534225E-03	0.000000E+00
6.868527E-03	0.000000E+00
7.202830E-03	0.000000E+00
7.537132E-03	0.000000E+00
7.871435E-03	0.000000E+00
8.205737E-03	0.000000E+00
8.540040E-03	0.000000E+00
8.874342E-03	0.000000E+00
9.208645E-03	0.000000E+00
9.542947E-03	0.000000E+00
9.877250E-03	0.000000E+00
1.021155E-02	0.000000E+00
1.054585E-02	0.000000E+00
1.088016E-02	0.000000E+00
1.121446E-02	0.000000E+00
1.154876E-02	0.000000E+00
1.188306E-02	0.000000E+00
1.221737E-02	0.000000E+00
1.255167E-02	0.000000E+00
1.288597E-02	-5.682587E-01
1.322027E-02	-2.809891E-01
1.355458E-02	5.201360E-02
1.388888E-02	4.245642E-01
1.422318E-02	8.297615E-01
1.455748E-02	1.260208E+00
1.489179E-02	1.708224E+00
1.522609E-02	2.166047E+00
1.556039E-02	2.626021E+00
1.589469E-02	3.080767E+00
1.622900E-02	3.523329E+00
1.656330E-02	3.947301E+00
1.689760E-02	4.346933E+00
1.723190E-02	4.717212E+00
1.756621E-02	5.053915E+00
1.790051E-02	5.353652E+00
1.823481E-02	5.613876E+00
1.856911E-02	5.832878E+00
1.890342E-02	6.009771E+00
1.923772E-02	6.144446E+00
1.957202E-02	6.237524E+00
1.990632E-02	6.290291E+00
2.024063E-02	6.304634E+00
2.057493E-02	6.282953E+00
2.090923E-02	6.228088E+00
2.124353E-02	6.143229E+00
2.157784E-02	6.031831E+00
2.191214E-02	5.897535E+00
2.224644E-02	5.744082E+00
2.258074E-02	5.575239E+00
2.291505E-02	5.394730E+00
2.324935E-02	5.206168E+00
2.358365E-02	5.013003E+00
2.391795E-02	4.818471E+00
2.425226E-02	4.625555E+00
2.458656E-02	4.436955E+00
2.492086E-02	4.255060E+00
2.525516E-02	4.081938E+00
2.558947E-02	3.919331E+00
2.592377E-02	3.768649E+00
2.625807E-02	3.630986E+00
2.659237E-02	3.507126E+00
2.692667E-02	3.397568E+00
2.726098E-02	3.302549E+00
2.759528E-02	3.222069E+00
2.792958E-02	3.155922E+00
2.826388E-02	3.103729E+00
2.859819E-02	3.064969E+00
2.893249E-02	3.039013E+00
2.926679E-02	3.025154E+00
2.960109E-02	3.022639E+00
2.993540E-02	3.030697E+00
3.026970E-02	3.048562E+00
3.060400E-02	3.075496E+00
3.093830E-02	3.110807E+00
3.127261E-02	3.153865E+00
3.160691E-02	3.204108E+00
3.194121E-02	3.261049E+00
3.227551E-02	3.324278E+00
3.260982E-02	3.393461E+00
3.294412E-02	3.468329E+00
3.327842E-02	3.548669E+00
3.361272E-02	3.634316E+00
3.394703E-02	3.725129E+00
3.428133E-02	3.820978E+00
3.461563E-02	3.921724E+00
3.494993E-02	4.027196E+00
3.528424E-02	4.137175E+00
3.561854E-02	4.251369E+00
3.595284E-02	4.369396E+00
3.628714E-02	4.490766E+00
3.662145E-02	4.614866E+00
3.695575E-02	4.740947E+00
3.729005E-02	4.868118E+00
3.762435E-02	4.995335E+00
3.795866E-02	5.121406E+00
3.829296E-02	5.244991E+00
3.862726E-02	5.364608E+00
3.896156E-02	5.478652E+00
3.929587E-02	5.585404E+00
3.963017E-02	5.683058E+00
3.996447E-02	5.769747E+00
4.029877E-02	5.843568E+00
4.063308E-02	5.902619E+00
4.096738E-02	5.945032E+00
4.130168E-02	5.969015E+00
4.163598E-02	5.972887E+00
4.197029E-02	5.955117E+00
4.230459E-02	5.914372E+00
4.263889E-02	5.849544E+00
4.297319E-02	5.759798E+00
4.330750E-02	5.644595E+00
4.364180E-02	5.503732E+00
4.397610E-02	5.337358E+00
4.431040E-02	5.146001E+00
4.464471E-02	4.930575E+00
4.497901E-02	4.692391E+00
4.531331E-02	4.433151E+00
4.564761E-02	4.154944E+00
4.598192E-02	3.860221E+00
4.631622E-02	3.551775E+00
4.665052E-02	3.232703E+00
4.698482E-02	2.906364E+00
4.731912E-02	2.576327E+00
4.765343E-02	2.246315E+00
4.798773E-02	1.920139E+00
4.832203E-02	1.601628E+00
4.865633E-02	1.294558E+00
4.899064E-02	1.002570E+00
4.932494E-02	7.290999E-01
4.965924E-02	4.772925E-01
4.999354E-02	2.499330E-01
5.032785E-02	4.937379E-02
5.066215E-02	-1.225300E-01
5.099645E-02	-2.644762E-01
5.133075E-02	-3.757627E-01
5.166506E-02	-4.563200E-01
5.199936E-02	-5.067324E-01
5.233366E-02	-5.282426E-01
5.266796E-02	-5.227395E-01
5.300227E-02	-4.927289E-01
5.333657E-02	-4.412855E-01
5.367087E-02	-3.719859E-01
5.400517E-02	-2.888240E-01
5.433948E-02	-1.961095E-01
5.467378E-02	-9.834878E-02
5.500808E-02	-1.134134E-04
5.534238E-02	9.410286E-02
5.567669E-02	1.800338E-01
5.601099E-02	2.537976E-01
5.634529E-02	3.120448E-01
5.667959E-02	3.521078E-01
5.701390E-02	3.721318E-01
5.734820E-02	3.711854E-01
5.768250E-02	3.493525E-01
5.801680E-02	3.077766E-01
5.835111E-02	2.486796E-01
5.868541E-02	1.753242E-01
5.901971E-02	9.192328E-02
5.935401E-02	3.492209E-03
5.968832E-02	-8.435339E-02
6.002262E-02	-1.656737E-01
6.035692E-02	-2.345355E-01
6.069122E-02	-2.853924E-01
6.102553E-02	-3.135203E-01
6.135983E-02	-3.154729E-01
6.169413E-02	-2.895470E-01
6.202843E-02	-2.362212E-01
6.236274E-02	-1.585272E-01
6.269704E-02	-6.230720E-02
6.303134E-02	4.371293E-02
6.336564E-02	1.481200E-01
6.369995E-02	2.373664E-01
6.403425E-02	2.968099E-01
6.436855E-02	3.123751E-01
6.470285E-02	2.730122E-01
6.503716E-02	1.741491E-01
6.537146E-02	2.237440E-02
6.570576E-02	-1.583930E-01
6.604006E-02	-3.188994E-01
6.637437E-02	-3.743901E-01
6.670867E-02	-1.918294E-01
6.704297E-02	4.259171E-01
