time	rfrp
5.211610E-04	0.000000E+00
8.025121E-04	0.000000E+00
1.083863E-03	0.000000E+00
1.365214E-03	0.000000E+00
1.646565E-03	0.000000E+00
1.927917E-03	0.000000E+00
2.209268E-03	0.000000E+00
2.490619E-03	0.000000E+00
2.771970E-03	0.000000E+00
3.053321E-03	0.000000E+00
3.334672E-03	0.000000E+00
3.616023E-03	0.000000E+00
3.897374E-03	0.000000E+00
4.178725E-03	0.000000E+00
4.460076E-03	0.000000E+00
4.741428E-03	0.000000E+00
5.022779E-03	0.000000E+00
5.304130E-03	0.000000E+00
5.585481E-03	0.000000E+00
5.866832E-03	0.000000E+00
6.148183E-03	0.000000E+00
6.429534E-03	0.000000E+00
6.710885E-03	0.000000E+00
6.992236E-03	0.000000E+00
7.273587E-03	0.000000E+00
7.554939E-03	0.000000E+00
7.836290E-03	0.000000E+00
8.117641E-03	0.000000E+00
8.398992E-03	0.000000E+00
8.680343E-03	0.000000E+00
8.961694E-03	0.000000E+00
9.243045E-03	0.000000E+00
9.524396E-03	0.000000E+00
9.805747E-03	0.000000E+00
1.008710E-02	0.000000E+00
1.036845E-02	0.000000E+00
1.064980E-02	0.000000E+00
1.093115E-02	0.000000E+00
1.121250E-02	0.000000E+00
1.149385E-02	0.000000E+00
1.177521E-02	0.000000E+00
1.205656E-02	0.000000E+00
1.233791E-02	0.000000E+00
1.261926E-02	0.000000E+00
1.290061E-02	0.000000E+00
1.318196E-02	0.000000E+00
1.346331E-02	-4.075936E-01
1.374466E-02	-3.570808E-01
1.402601E-02	-2.856306E-01
1.430736E-02	-1.935643E-01
1.458872E-02	-8.166964E-02
1.487007E-02	4.882778E-02
1.515142E-02	1.963028E-01
1.543277E-02	3.587761E-01
1.571412E-02	5.339656E-01
1.599547E-02	7.193424E-01
1.627682E-02	9.121901E-01
1.655817E-02	1.109665E+00
1.683952E-02	1.308858E+00
1.712088E-02	1.506853E+00
1.740223E-02	1.700784E+00
1.768358E-02	1.887892E+00
1.796493E-02	2.065571E+00
1.824628E-02	2.231415E+00
1.852763E-02	2.383256E+00
1.880898E-02	2.519199E+00
1.909033E-02	2.637643E+00
1.937168E-02	2.737306E+00
1.965304E-02	2.817234E+00
1.993439E-02	2.876808E+00
2.021574E-02	2.915744E+00
2.049709E-02	2.934085E+00
2.077844E-02	2.932188E+00
2.105979E-02	2.910707E+00
2.134114E-02	2.870570E+00
2.162249E-02	2.812954E+00
2.190384E-02	2.739251E+00
2.218520E-02	2.651040E+00
2.246655E-02	2.550048E+00
2.274790E-02	2.438118E+00
2.302925E-02	2.317170E+00
2.331060E-02	2.189168E+00
2.359195E-02	2.056081E+00
2.387330E-02	1.919854E+00
2.415465E-02	1.782373E+00
2.443600E-02	1.645441E+00
2.471736E-02	1.510745E+00
2.499871E-02	1.379842E+00
2.528006E-02	1.254135E+00
2.556141E-02	1.134862E+00
2.584276E-02	1.023081E+00
2.612411E-02	9.196685E-01
2.640546E-02	8.253151E-01
2.668681E-02	7.405262E-01
2.696816E-02	6.656278E-01
2.724952E-02	6.007758E-01
2.753087E-02	5.459667E-01
2.781222E-02	5.010529E-01
2.809357E-02	4.657593E-01
2.837492E-02	4.397017E-01
2.865627E-02	4.224074E-01
2.893762E-02	4.133356E-01
2.921897E-02	4.118991E-01
2.950032E-02	4.174848E-01
2.978168E-02	4.294749E-01
3.006303E-02	4.472653E-01
3.034438E-02	4.702840E-01
3.062573E-02	4.980062E-01
3.090708E-02	5.299675E-01
3.118843E-02	5.657748E-01
3.146978E-02	6.051135E-01
3.175113E-02	6.477520E-01
3.203248E-02	6.935428E-01
3.231384E-02	7.424206E-01
3.259519E-02	7.943964E-01
3.287654E-02	8.495497E-01
3.315789E-02	9.080160E-01
3.343924E-02	9.699738E-01
3.372059E-02	1.035627E+00
3.400194E-02	1.105187E+00
3.428329E-02	1.178853E+00
3.456464E-02	1.256790E+00
3.484600E-02	1.339108E+00
3.512735E-02	1.425842E+00
3.540870E-02	1.516928E+00
3.569005E-02	1.612190E+00
3.597140E-02	1.711316E+00
3.625275E-02	1.813848E+00
3.653410E-02	1.919170E+00
3.681545E-02	2.026499E+00
3.709680E-02	2.134883E+00
3.737816E-02	2.243203E+00
3.765951E-02	2.350176E+00
3.794086E-02	2.454370E+00
3.822221E-02	2.554217E+00
3.850356E-02	2.648038E+00
3.878491E-02	2.734065E+00
3.906626E-02	2.810481E+00
3.934761E-02	2.875446E+00
3.962896E-02	2.927144E+00
3.991032E-02	2.963825E+00
4.019167E-02	2.983849E+00
4.047302E-02	2.985734E+00
4.075437E-02	2.968204E+00
4.103572E-02	2.930238E+00
4.131707E-02	2.871110E+00
4.159842E-02	2.790437E+00
4.187977E-02	2.688211E+00
4.216112E-02	2.564832E+00
4.244247E-02	2.421135E+00
4.272383E-02	2.258399E+00
4.300518E-02	2.078357E+00
4.328653E-02	1.883190E+00
4.356788E-02	1.675505E+00
4.384923E-02	1.458310E+00
4.413058E-02	1.234967E+00
4.441193E-02	1.009134E+00
4.469328E-02	7.846961E-01
4.497463E-02	5.656837E-01
4.525599E-02	3.561744E-01
4.553734E-02	1.601892E-01
4.581869E-02	-1.842124E-02
4.610004E-02	-1.760972E-01
4.638139E-02	-3.096922E-01
4.666274E-02	-4.165965E-01
4.694409E-02	-4.948540E-01
4.722544E-02	-5.432736E-01
4.750679E-02	-5.615244E-01
4.778815E-02	-5.502129E-01
4.806950E-02	-5.109367E-01
4.835085E-02	-4.463054E-01
4.863220E-02	-3.599317E-01
4.891355E-02	-2.563765E-01
4.919490E-02	-1.410527E-01
4.947625E-02	-2.007558E-02
4.975760E-02	9.993232E-02
5.003895E-02	2.120960E-01
5.032031E-02	3.095892E-01
5.060166E-02	3.859864E-01
5.088301E-02	4.356552E-01
5.116436E-02	4.541798E-01
5.144571E-02	4.387913E-01
5.172706E-02	3.888048E-01
5.200841E-02	3.060002E-01
5.228976E-02	1.949430E-01
5.257111E-02	6.318104E-02
5.285247E-02	-7.874506E-02
5.313382E-02	-2.175306E-01
5.341517E-02	-3.376764E-01
5.369652E-02	-4.224917E-01
5.397787E-02	-4.556550E-01
5.425922E-02	-4.234753E-01
5.454057E-02	-3.180173E-01
5.482192E-02	-1.412834E-01
5.510327E-02	8.931517E-02
5.538463E-02	3.339530E-01
5.566598E-02	5.215440E-01
5.594733E-02	5.387160E-01
5.622868E-02	2.162405E-01
5.651003E-02	-6.875612E-01
