         time	         Dpar	   rf_plus_rp	         rfrp	  rf_minus_rp
 5.000686E-04	 1.600000E-04	 8.281448E+02	 8.271448E+02	 8.261448E+02
 1.000469E-03	 1.600000E-04	 7.921888E+02	 7.911888E+02	 7.901888E+02
 1.500869E-03	 1.600000E-04	 7.901736E+02	 7.891736E+02	 7.881736E+02
 2.000369E-03	 1.600000E-04	 8.002015E+02	 7.992015E+02	 7.982015E+02
 2.500769E-03	 1.600000E-04	 8.182058E+02	 8.172058E+02	 8.162058E+02
 3.000269E-03	 1.600000E-04	 8.161815E+02	 8.151815E+02	 8.141815E+02
 3.500669E-03	 1.600000E-04	 8.122135E+02	 8.112135E+02	 8.102135E+02
 4.000169E-03	 1.600000E-04	 8.081692E+02	 8.071692E+02	 8.061692E+02
 4.500569E-03	 1.600000E-04	 8.062212E+02	 8.052212E+02	 8.042212E+02
 5.000069E-03	 1.600000E-04	 7.148951E+02	 7.138951E+02	 7.128951E+02
 5.500469E-03	 1.600000E-04	 7.208825E+02	 7.198825E+02	 7.188825E+02
 6.000869E-03	 1.600000E-04	 7.168658E+02	 7.158658E+02	 7.148658E+02
 6.500369E-03	 1.600000E-04	 7.123441E+02	 7.113441E+02	 7.103441E+02
 7.000769E-03	 1.600000E-04	 7.083494E+02	 7.073494E+02	 7.063494E+02
 7.500269E-03	 1.600000E-04	 7.023574E+02	 7.013574E+02	 7.003574E+02
 8.000669E-03	 1.600000E-04	 7.762831E+02	 7.752831E+02	 7.742831E+02
 8.500169E-03	 1.600000E-04	 7.722134E+02	 7.712134E+02	 7.702134E+02
 9.000569E-03	 1.600000E-04	 7.662208E+02	 7.652208E+02	 7.642208E+02
 9.500069E-03	 1.600000E-04	 7.602283E+02	 7.592283E+02	 7.582283E+02
 1.000047E-02	 1.600000E-04	 7.567852E+02	 7.557852E+02	 7.547852E+02
 1.050087E-02	 1.600000E-04	 5.250538E+02	 5.240538E+02	 5.230538E+02
 1.100037E-02	 1.600000E-04	 6.993243E+00	 5.993243E+00	 4.993243E+00
 1.150077E-02	 1.600000E-04	 5.467100E+00	 4.467100E+00	 3.467100E+00
 1.200027E-02	 1.600000E-04	 4.460201E+00	 3.460201E+00	 2.460201E+00
 1.250067E-02	 1.600000E-04	 4.460201E+00	 3.460201E+00	 2.460201E+00
 1.300017E-02	 1.600000E-04	 3.825242E+00	 2.825242E+00	 1.825242E+00
 1.350057E-02	 1.600000E-04	 2.997748E+00	 1.997748E+00	 9.977477E-01
 1.400007E-02	 1.600000E-04	 2.997748E+00	 1.997748E+00	 9.977477E-01
 1.450047E-02	 1.600000E-04	 3.825242E+00	 2.825242E+00	 1.825242E+00
 1.500087E-02	 1.600000E-04	 3.825242E+00	 2.825242E+00	 1.825242E+00
 1.550037E-02	 1.600000E-04	 4.995495E+00	 3.995495E+00	 2.995495E+00
 1.600077E-02	 1.600000E-04	 5.893463E+00	 4.893463E+00	 3.893463E+00
 1.650027E-02	 1.600000E-04	 5.467100E+00	 4.467100E+00	 3.467100E+00
 1.700067E-02	 1.600000E-04	 6.650484E+00	 5.650484E+00	 4.650484E+00
 1.750017E-02	 1.600000E-04	 5.893463E+00	 4.893463E+00	 3.893463E+00
 1.800057E-02	 1.600000E-04	 6.993243E+00	 5.993243E+00	 4.993243E+00
 1.850007E-02	 1.600000E-04	 6.650484E+00	 5.650484E+00	 4.650484E+00
 1.900047E-02	 1.600000E-04	 7.317433E+00	 6.317433E+00	 5.317433E+00
 1.950087E-02	 1.600000E-04	 8.202982E+00	 7.202982E+00	 6.202982E+00
 2.000037E-02	 1.600000E-04	 6.993243E+00	 5.993243E+00	 4.993243E+00
 2.050077E-02	 1.600000E-04	 7.317433E+00	 6.317433E+00	 5.317433E+00
 2.100027E-02	 1.600000E-04	 7.625780E+00	 6.625780E+00	 5.625780E+00
 2.150067E-02	 1.600000E-04	 8.202982E+00	 7.202982E+00	 6.202982E+00
 2.200017E-02	 1.600000E-04	 6.650484E+00	 5.650484E+00	 4.650484E+00
 2.250057E-02	 1.600000E-04	 5.893463E+00	 4.893463E+00	 3.893463E+00
 2.300007E-02	 1.600000E-04	 5.893463E+00	 4.893463E+00	 3.893463E+00
 2.350047E-02	 1.600000E-04	 5.467100E+00	 4.467100E+00	 3.467100E+00
 2.400087E-02	 1.600000E-04	 5.893463E+00	 4.893463E+00	 3.893463E+00
 2.450037E-02	 1.600000E-04	 6.650484E+00	 5.650484E+00	 4.650484E+00
 2.500077E-02	 1.600000E-04	 5.893463E+00	 4.893463E+00	 3.893463E+00
 2.550027E-02	 1.600000E-04	 5.893463E+00	 4.893463E+00	 3.893463E+00
 2.600067E-02	 1.600000E-04	 5.467100E+00	 4.467100E+00	 3.467100E+00
 2.650017E-02	 1.600000E-04	 5.893463E+00	 4.893463E+00	 3.893463E+00
 2.700057E-02	 1.600000E-04	 4.995495E+00	 3.995495E+00	 2.995495E+00
 2.750007E-02	 1.600000E-04	 4.995495E+00	 3.995495E+00	 2.995495E+00
 2.800047E-02	 1.600000E-04	 4.460201E+00	 3.460201E+00	 2.460201E+00
 2.850087E-02	 1.600000E-04	 4.995495E+00	 3.995495E+00	 2.995495E+00
 2.900037E-02	 1.600000E-04	 4.460201E+00	 3.460201E+00	 2.460201E+00
 2.950077E-02	 1.600000E-04	 5.467100E+00	 4.467100E+00	 3.467100E+00
 3.000027E-02	 1.600000E-04	 4.460201E+00	 3.460201E+00	 2.460201E+00
 3.050067E-02	 1.600000E-04	 4.460201E+00	 3.460201E+00	 2.460201E+00
 3.100017E-02	 1.600000E-04	 5.467100E+00	 4.467100E+00	 3.467100E+00
 3.150057E-02	 1.600000E-04	 4.460201E+00	 3.460201E+00	 2.460201E+00
 3.200007E-02	 1.600000E-04	 4.460201E+00	 3.460201E+00	 2.460201E+00
 3.250047E-02	 1.600000E-04	 3.825242E+00	 2.825242E+00	 1.825242E+00
 3.300087E-02	 1.600000E-04	 2.997748E+00	 1.997748E+00	 9.977477E-01
 3.350037E-02	 1.600000E-04	 1.000000E+00	 0.000000E+00	 -1.000000E+00
 3.400077E-02	 1.600000E-04	 1.000000E+00	 0.000000E+00	 -1.000000E+00
 3.450027E-02	 1.600000E-04	 1.000000E+00	 0.000000E+00	 -1.000000E+00
 3.500067E-02	 1.600000E-04	 1.000000E+00	 0.000000E+00	 -1.000000E+00
 3.550017E-02	 1.600000E-04	 1.000000E+00	 0.000000E+00	 -1.000000E+00
 3.600057E-02	 1.600000E-04	 1.000000E+00	 0.000000E+00	 -1.000000E+00
 3.650007E-02	 1.600000E-04	 1.000000E+00	 0.000000E+00	 -1.000000E+00
 3.700047E-02	 1.600000E-04	 1.000000E+00	 0.000000E+00	 -1.000000E+00
 3.750087E-02	 1.600000E-04	 1.000000E+00	 0.000000E+00	 -1.000000E+00
 3.800037E-02	 1.600000E-04	 1.000000E+00	 0.000000E+00	 -1.000000E+00
 3.850077E-02	 1.600000E-04	 1.000000E+00	 0.000000E+00	 -1.000000E+00
 3.900027E-02	 1.600000E-04	 1.000000E+00	 0.000000E+00	 -1.000000E+00
 3.950067E-02	 1.600000E-04	 1.000000E+00	 0.000000E+00	 -1.000000E+00
 4.000017E-02	 1.600000E-04	 1.000000E+00	 0.000000E+00	 -1.000000E+00
 4.050057E-02	 1.600000E-04	 2.997748E+00	 1.997748E+00	 9.977477E-01
 4.100007E-02	 1.600000E-04	 1.000000E+00	 0.000000E+00	 -1.000000E+00
